    0.51        0        0
    0.53        0        0
    0.55        0        0
    0.57        0        0
    0.59        0        0
    0.61        0        0
    0.63        0        0
    0.65        0        0
    0.66        0        0
    0.67        0        0
    0.69        0        0
    0.71        0        0
    0.73        0        0
    0.75        0        0
    0.77        0        0
    0.79        0        0
    0.81        0        0
    0.83        0        0
    0.85        0        0
    0.87        0        0
    0.89        0        0
    0.91        0        0
    0.93        0        0
    0.95        0        0
    0.97        0        0
    0.99        0        0
    1.01        0        0
    1.03        0        0
    1.05        0        0
    1.07        0        0
    1.09        0        0
    1.11        0        0
    1.13        0        0
    1.15        0        0
    1.17        0        0
    1.19  61.7084  32.0942
    1.21  22.2127   19.738
    1.23  13.5815  12.1761
    1.25    102.9  37.3909
    1.27  30.8091  20.1248
    1.29  193.055   51.351
    1.31  185.531  50.2226
    1.33  237.416  62.3187
    1.35  336.154  65.0665
    1.37  557.601   81.898
    1.39  1592.26  124.676
    1.41  1691.77  134.375
    1.43  2276.82  161.614
    1.45  2390.45  161.491
    1.47  2878.45  178.878
    1.49  2005.64  147.624
    1.51  1675.48  138.891
    1.53  1649.34  133.872
    1.55  1034.75  106.906
    1.57  671.459  87.7087
    1.59  790.125  92.8259
    1.61  563.318  77.2228
    1.63  624.927  84.3715
    1.65  732.022  90.6004
    1.67  421.341  67.7933
    1.69  559.154  78.2168
    1.71  304.926   55.461
    1.73  301.266  57.3723
    1.75  511.597  75.3886
    1.77  290.312  55.0994
    1.79  202.255  43.6521
    1.81  117.013  37.1334
    1.85  89.4035  32.1316
    1.87  59.8143  22.6637
    1.89  65.0704  24.8917
    1.91  13.1562  12.1552
    1.93  32.4384  20.2985
    1.95   18.325  14.8582
    1.97   4.6567  7.44665
    1.99  10.9093  11.8228
    2.01   10.812   11.566
    2.03  23.4857  15.7977
    2.05  24.8443  18.0715
    2.07  1.85442  4.45606
    2.09  10.4959  11.1999
    2.11  26.1613  17.9155
    2.13  13.7374  12.7569
    2.15  21.0901  16.9316
    2.17  31.8654  19.8331
    2.19  42.7788  22.2274
    2.21  29.7726  20.0316
    2.23  18.5069  15.2363
    2.25  48.9119  25.5866
    2.27  146.778  42.4742
    2.29  104.545  38.8895
    2.31   120.73  38.8581
    2.33  57.3485  29.3992
    2.35  92.0398  34.0476
    2.37  48.5531  26.7163
    2.39  104.734  36.0721
    2.41  360.186   79.611
    2.43  147.663   40.856
    2.45  69.3123  27.1573
    2.47  153.518   44.448
    2.49  215.493  53.8206
