    0.51 -108.299  36.7908
    0.53 -33.5356  43.8988
    0.55 -1.53778  57.4764
    0.57  158.148  44.9763
    0.59  -114.36  41.3179
    0.61 -38.5568  12.6991
    0.63  36.4967  47.9351
    0.65 -29.2079  13.6189
    0.66 -30.0000 100.6263
    0.67 -46.5928  54.6263
    0.69   12.517  28.6263
    0.71  5.18018  50.1556
    0.73 -62.1403  16.4288
    0.75 -107.608  27.9934
    0.77  -94.024  27.6459
    0.79  22.4797  12.6904
    0.81  1.91222  18.2665
    0.83  15.8166  25.1021
    0.85  14.4761  18.4605
    0.87 -8.45806  6.66797
    0.89 -1.34239   4.5139
    0.91   8.5056  5.81581
    0.93  73.2305  5.01712
    0.95 -1.04403  3.71811
    0.97 -32.7006  2.81271
    0.99  14.2797  5.47015
    1.01  -14.198  8.33711
    1.03 -17.7328  6.01913
    1.05 -31.8384  4.89351
    1.07 -44.1787  3.38868
    1.09 -32.8885  2.87699
    1.11 -46.5657  2.66974
    1.13 -45.9169  2.19147
    1.15 -38.0129  1.77412
    1.17 -42.1199  1.51601
    1.19 -44.1484  1.11221
    1.21 -44.0888 0.933882
    1.23 -37.9168 0.661166
    1.25 -34.4186 0.671952
    1.27 -25.7025 0.559563
    1.29 -12.9502 0.489865
    1.31  5.39734  0.48868
    1.33   22.859 0.643954
    1.35   32.843 0.796245
    1.37   42.069 0.854112
    1.39  47.4543 0.953363
    1.41  50.7585  1.17943
    1.43  55.1224  1.33114
    1.45  56.7541  1.51281
    1.47  60.3538  1.84212
    1.49  63.6134  1.91876
    1.51  62.2454  1.96441
    1.53  73.1469   2.5231
    1.55  73.6282  2.78536
    1.57  72.7717  2.79169
    1.59  77.5188  3.38653
    1.61   95.329  3.63749
    1.63  87.1753  4.84114
    1.65  105.489  5.25277
    1.67  85.1915  5.82226
    1.69  96.3251  14.0539
    1.71  97.1149  50.8439
    1.73  89.2581  51.4634
    1.75  170.849  19.1092
    1.77  91.0835   19.631
    1.79 -140.037  25.3346
    1.81  -60.054  48.8737
    1.85  6.78373  10.7773
    1.87 -2.26221  13.2001
    1.89 -5.93705  9.73367
    1.91  10.9003  9.86841
    1.93  31.0283  6.70273
    1.95  14.1938  8.78161
    1.97  9.94249  10.9246
    1.99  4.37801  7.94602
    2.01  29.6229  8.16095
    2.03  48.2149  6.41939
    2.05  50.6603  5.82268
    2.07  29.5595  7.09955
    2.09  40.0014  6.52735
    2.11  58.2313  6.16478
    2.13  46.6474   7.6883
    2.15  35.7108  7.47638
    2.17  63.4431  8.49675
    2.19  30.2174  10.0943
    2.21  54.5121   7.2355
    2.23    33.69  6.81696
    2.25   17.165  8.90035
    2.27  7.68614  8.21069
    2.29  36.4938  6.58689
    2.31  30.9689  6.13662
    2.33  27.9808  7.01475
    2.35  28.4192  6.20601
    2.37  36.4149  5.33171
    2.39  34.7246  6.02494
    2.41 -12.9529  7.29368
    2.43  57.9487  6.60826
    2.45  55.6558  6.31763
    2.47   28.962  6.50524
    2.49  47.1137  5.74848
