    0.51        0        0
    0.53        0        0
    0.55        0        0
    0.57        0        0
    0.59        0        0
    0.61        0        0
    0.63        0        0
    0.65        0        0
    0.66        0    100.0
    0.67        0        0
    0.69        0        0
    0.71        0        0
    0.73        0        0
    0.75        0        0
    0.77        0        0
    0.79        0        0
    0.81        0        0
    0.83        0        0
    0.85        0        0
    0.87        0        0
    0.89        0        0
    0.91        0        0
    0.93        0        0
    0.95        0        0
    0.97        0        0
    0.99        0        0
    1.01        0        0
    1.03        0        0
    1.05        0        0
    1.07        0        0
    1.09        0        0
    1.11        0        0
    1.13        0        0
    1.15        0        0
    1.17        0        0
    1.19 -170.721  14.7962
    1.21 -168.361   24.713
    1.23  21.7267  24.5378
    1.25  133.702  11.2266
    1.27  85.5677  18.3858
    1.29  112.662  8.20301
    1.31  139.408  7.97116
    1.33  105.848  7.31342
    1.35  87.9774   5.6294
    1.37  78.7169  4.47595
    1.39  59.9989  2.59065
    1.41  46.0554  2.77133
    1.43  27.1713  2.47488
    1.45   19.909  2.46228
    1.47  15.2841  2.57232
    1.49  12.1502  2.86074
    1.51 -0.473434  2.97292
    1.53   13.621  3.48695
    1.55  17.4209  4.32974
    1.57  1.80972  4.69466
    1.59 -4.68511  4.72597
    1.61  9.70049  5.45886
    1.63 -11.5585  5.83306
    1.65 -14.4332  6.00354
    1.67 -18.9229   7.0957
    1.69 -31.4319  15.1368
    1.71 -8.48504     48.1
    1.73 -50.3306   57.515
    1.75  29.8707  17.0866
    1.77 -49.5595  21.3477
    1.79  94.0472  32.5354
    1.81   124.23  50.2461
    1.85 -174.148  15.2333
    1.87 -117.811  21.1157
    1.89 -136.306  17.6247
    1.91  -85.583  28.2531
    1.93 -161.102  19.5054
    1.95 -63.5006  22.6698
    1.97 -66.8904  42.2828
    1.99  -54.057  29.2678
    2.01  28.7303  31.9142
    2.03  67.6697  20.6357
    2.05  11.4567  21.2777
    2.07  40.8418  73.4711
    2.09  54.9267  30.0996
    2.11  13.5433  20.2442
    2.13   13.542  27.2908
    2.15 -54.5013  21.8087
    2.17 -16.1414  17.9221
    2.19  8.05731  15.7357
    2.21  2.60057  19.9783
    2.23  14.7028  25.1383
    2.25  3.55742   15.693
    2.27  8.94513  9.78996
    2.29  39.1665  11.2823
    2.31  17.2736  10.4385
    2.33  18.6966  15.7461
    2.35  74.6483  10.8131
    2.37   14.573  17.0399
    2.39   51.465  11.3271
    2.41 -48.6283  7.56344
    2.43   33.839  9.59502
    2.45  50.5893  13.3761
    2.47   56.627   9.5207
    2.49  34.1795  9.12343
