    0.51        0        0
    0.53        0        0
    0.55        0        0
    0.57        0        0
    0.59        0        0
    0.61        0        0
    0.63        0        0
    0.65        0        0
    0.66        0    100.0
    0.67        0        0
    0.69        0        0
    0.71        0        0
    0.73        0        0
    0.75        0        0
    0.77        0        0
    0.79        0        0
    0.81        0        0
    0.83        0        0
    0.85        0        0
    0.87        0        0
    0.89        0        0
    0.91        0        0
    0.93        0        0
    0.95        0        0
    0.97        0        0
    0.99        0        0
    1.01        0        0
    1.03        0        0
    1.05        0        0
    1.07        0        0
    1.09        0        0
    1.11        0        0
    1.13        0        0
    1.15        0        0
    1.17        0        0
    1.19  126.573  14.7493
    1.21  124.273  24.0038
    1.23 -59.6435  24.4938
    1.25 -168.121  10.6659
    1.27  -111.27  19.7447
    1.29 -125.613  8.15379
    1.31 -134.011   8.0648
    1.33 -82.9887  7.50075
    1.35 -55.1344  5.53754
    1.37 -36.6479   4.2038
    1.39 -12.5446  2.26717
    1.41  4.70315  2.31446
    1.43  27.9511   2.2015
    1.45   36.845  2.21939
    1.47  45.0697  2.07206
    1.49  51.4632  2.42197
    1.51  62.7188  2.62636
    1.53  59.5259  2.57043
    1.55  56.2073  3.10199
    1.57   70.962  3.95701
    1.59   82.204  3.43956
    1.61  85.6285  3.96767
    1.63  98.7338  3.70547
    1.65  119.922  3.24714
    1.67  104.114  4.30698
    1.69  127.757  3.64472
    1.71    105.6  4.87991
    1.73  139.589  5.23516
    1.75  140.978   4.3508
    1.77  140.643   5.8097
    1.79  125.916  6.57595
    1.81  175.716  9.42019
    1.85 -179.068  10.4782
    1.87  115.549  12.5658
    1.89  130.369  13.2072
    1.91  96.4834  27.3617
    1.93  -167.87  17.1092
    1.95  77.6945  21.7288
    1.97  76.8329  42.6976
    1.99   58.435   27.848
    2.01 0.892605  30.6158
    2.03 -19.4548  20.4388
    2.05  39.2036  19.4101
    2.07 -11.2823  69.2207
    2.09 -14.9253  30.0597
    2.11  44.6881  20.2433
    2.13  33.1054  27.1689
    2.15  90.2121  23.0279
    2.17  79.5845  19.2387
    2.19  22.1601  18.1203
    2.21  51.9116  18.6528
    2.23  18.9872  24.0524
    2.25  13.6075   17.247
    2.27 -1.25899  10.7137
    2.29 -2.67274  13.4406
    2.31  13.6953  10.4465
    2.33  9.28414  15.3913
    2.35 -46.2291  12.1728
    2.37  21.8419  14.7431
    2.39 -16.7404  11.9437
    2.41  35.6753    7.801
    2.43  24.1097  9.64348
    2.45  5.06647  12.0568
    2.47  -27.665  10.1539
    2.49  12.9342  8.29125
