    0.51  142.585  150.045
    0.53  140.808  183.802
    0.55  172.019  173.976
    0.57  50.7362  64.0088
    0.59  158.656  141.441
    0.61  591.154  237.629
    0.63  366.267  188.222
    0.66 1000.000  100.0  
    0.65  1253.51  302.527
    0.67  155.774  103.635
    0.69  1805.45  704.103
    0.71  36.0341  55.2212
    0.73  193.956   132.75
    0.75  3350.22  577.463
    0.77  4448.84  736.532
    0.79  11116.3  615.803
    0.81  12145.5  1312.25
    0.83    16219  1521.11
    0.85    23710   1187.2
    0.87  31856.6  1109.11
    0.89  49412.6   756.31
    0.91  64448.9  1050.21
    0.93  68460.3  1513.46
    0.95  98396.5  1420.34
    0.97   117777  1779.02
    0.99   140874  1569.13
    1.01   153341  1619.36
    1.03   175258  1618.45
    1.05   196116  1645.72
    1.07   200756  1708.73
    1.09   215073  1713.81
    1.11   211856  1622.16
    1.13   221939  1609.57
    1.15   214430  1515.16
    1.17   219960  1466.69
    1.19   207374  1431.93
    1.21   205021  1438.98
    1.23   202225  1134.93
    1.25   184389  1356.12
    1.27   167285  1211.57
    1.29   155806  1230.34
    1.31   138531  1167.57
    1.33   121498  1118.83
    1.35   106052  972.882
    1.37  87774.3  908.468
    1.39  70830.9  801.245
    1.41    56317  780.382
    1.43  44119.3  696.327
    1.45  36939.6   645.77
    1.47  30998.2  578.243
    1.49  26807.5  557.145
    1.51  22108.8  478.942
    1.53  18859.8  445.549
    1.55  17038.4  397.322
    1.57  14264.3  369.619
    1.59  11691.3  340.641
    1.61  11919.6  325.333
    1.63  8954.12  301.695
    1.65  8056.41  292.525
    1.67  7689.41  287.669
    1.69  6486.26   259.29
    1.71  5649.06  239.865
    1.73  6478.81  254.282
    1.75  4864.74  226.781
    1.77  4306.86  211.801
    1.79  4585.05  208.739
    1.81  4346.13  208.555
    1.85  3735.58  189.415
    1.87  4008.47  197.356
    1.89   3226.1  171.873
    1.91  3049.17  166.485
    1.93  2944.92  167.218
    1.95  2437.51  146.547
    1.97  1767.28  135.708
    1.99  1637.71  128.087
    2.01  1123.65  101.018
    2.03  1037.31  103.493
    2.05  868.602  89.0538
    2.07  677.868  81.2998
    2.09  460.055   62.102
    2.11  279.005  51.8825
    2.13  165.415  38.9999
    2.15  230.354  44.6658
    2.17  130.885  34.5527
    2.19  92.3246  31.0527
    2.21  170.187  42.1448
    2.23  229.755  51.2713
    2.25  272.553  67.3611
    2.27   218.02  48.5473
    2.29  215.317  52.4828
    2.31   270.33  53.4033
    2.33   217.84  48.7325
    2.35  261.994  55.7106
    2.37  450.241  68.2928
    2.39  337.969  60.1751
    2.41  287.033    53.03
    2.43  322.475   58.087
    2.45  442.963  63.1062
    2.47  263.391  44.7716
    2.49  376.722  59.5608
