    0.51  18.7637  14.0704
    0.53  6.03428  7.32716
    0.55  3.55815  6.08236
    0.57  20.9355  15.3792
    0.59  13.3327   12.386
    0.61  85.6453  29.7287
    0.63  5.27067  7.91364
    0.65  64.7761  31.0586
    0.66   0.0    1000.000
    0.67   3.7919  7.93998
    0.69  19.8626  19.9031
    0.71  19.4981  13.8059
    0.73  71.5021  31.1918
    0.75  12.8482  17.6367
    0.77   21.998  22.9565
    0.79  83.0895  27.9133
    0.81  40.4266  26.2994
    0.83  45.6284  50.5711
    0.85  86.0765  38.9606
    0.87  208.112  61.7542
    0.89  262.255  43.1977
    0.91   293.84  43.6647
    0.93  697.664  109.995
    0.95  430.566  58.5903
    0.97  650.151  135.548
    0.99  530.308  54.8348
    1.01  345.286  86.3637
    1.03  765.362  128.566
    1.05  1124.81   154.36
    1.07  2294.78  240.919
    1.09  2838.67  239.294
    1.11  3010.39  246.112
    1.13  3976.56  275.427
    1.15  4909.32  294.812
    1.17  6667.26  329.563
    1.19  11225.7  407.717
    1.21  15385.9  491.875
    1.23  18384.2  425.968
    1.25  29851.5   603.14
    1.27  37465.6  615.996
    1.29  46561.4  677.344
    1.31  48412.9  682.769
    1.33  39261.9   633.23
    1.35  27454.2  499.397
    1.37  20139.3  429.374
    1.39    12910  328.277
    1.41  8638.05  285.302
    1.43  6106.91  246.684
    1.45  4070.06  196.219
    1.47  2517.05  154.708
    1.49  2313.67  148.982
    1.51  2079.44  140.111
    1.53  1311.59  114.697
    1.55  873.544  87.0048
    1.57  889.405  88.3074
    1.59  573.457  69.0075
    1.61  529.566  63.2784
    1.63  303.647   50.821
    1.65  263.933  44.3351
    1.67  191.555   38.969
    1.69  32.9224   15.367
    1.71   2.5014  4.24338
    1.73  2.53753  4.58347
    1.75  22.2824  13.8298
    1.77  18.6145  12.5813
    1.79   8.1727  9.29567
    1.81  3.83021  5.04045
    1.85  46.9448  18.6245
    1.87  34.3072  15.3797
    1.89  66.6181  21.2953
    1.91  60.0972   22.723
    1.93  125.601  36.7101
    1.95  67.4052  23.5604
    1.97  45.7228  18.2746
    1.99  92.4845  25.4218
    2.01  95.0784  28.6342
    2.03  203.863  46.6326
    2.05  236.477  47.7587
    2.07  182.453  39.3363
    2.09  240.315  44.2886
    2.11  366.847  56.3055
    2.13  317.389  55.1408
    2.15  245.113  45.4547
    2.17  298.168   51.128
    2.19   296.98  48.5105
    2.21  343.497   52.829
    2.23  462.539  65.7205
    2.25   364.63  69.0753
    2.27  306.579  54.3481
    2.29  566.872  69.1762
    2.31  476.543  58.4067
    2.33  403.053  56.1339
    2.35  677.836  80.1074
    2.37  559.655  78.4185
    2.39  588.332  71.9919
    2.41  283.799  48.7144
    2.43  510.268  61.1095
    2.45  274.152  49.7886
    2.47  362.326  53.1473
    2.49  411.136  54.4477

