Start to configurate gStyle

Processing print_waves.C("[1-,2+,1+]=[rho_770_0=[pi-[1,0]pi+][2,1]pi-]","[1-,1+,0+]=[f0_980_0=[pi-[0,0]pi+][1,0]pi-]")...
done
done
[1-,2+,1+]=[rho_770_0=[pi-[1,0]pi+][2,1]pi-]
    0.51  18.7637  14.0704
    0.53  6.03428  7.32716
    0.55  3.55815  6.08236
    0.57  20.9355  15.3792
    0.59  13.3327   12.386
    0.61  85.6453  29.7287
    0.63  5.27067  7.91364
    0.65  64.7761  31.0586
    0.67   3.7919  7.93998
    0.69  19.8626  19.9031
    0.71  19.4981  13.8059
    0.73  71.5021  31.1918
    0.75  12.8482  17.6367
    0.77   21.998  22.9565
    0.79  83.0895  27.9133
    0.81  40.4266  26.2994
    0.83  45.6284  50.5711
    0.85  86.0765  38.9606
    0.87  208.112  61.7542
    0.89  262.255  43.1977
    0.91   293.84  43.6647
    0.93  697.664  109.995
    0.95  430.566  58.5903
    0.97  650.151  135.548
    0.99  530.308  54.8348
    1.01  345.286  86.3637
    1.03  765.362  128.566
    1.05  1124.81   154.36
    1.07  2294.78  240.919
    1.09  2838.67  239.294
    1.11  3010.39  246.112
    1.13  3976.56  275.427
    1.15  4909.32  294.812
    1.17  6667.26  329.563
    1.19  11225.7  407.717
    1.21  15385.9  491.875
    1.23  18384.2  425.968
    1.25  29851.5   603.14
    1.27  37465.6  615.996
    1.29  46561.4  677.344
    1.31  48412.9  682.769
    1.33  39261.9   633.23
    1.35  27454.2  499.397
    1.37  20139.3  429.374
    1.39    12910  328.277
    1.41  8638.05  285.302
    1.43  6106.91  246.684
    1.45  4070.06  196.219
    1.47  2517.05  154.708
    1.49  2313.67  148.982
    1.51  2079.44  140.111
    1.53  1311.59  114.697
    1.55  873.544  87.0048
    1.57  889.405  88.3074
    1.59  573.457  69.0075
    1.61  529.566  63.2784
    1.63  303.647   50.821
    1.65  263.933  44.3351
    1.67  191.555   38.969
    1.69  32.9224   15.367
    1.71   2.5014  4.24338
    1.73  2.53753  4.58347
    1.75  22.2824  13.8298
    1.77  18.6145  12.5813
    1.79   8.1727  9.29567
    1.81  3.83021  5.04045
    1.85  46.9448  18.6245
    1.87  34.3072  15.3797
    1.89  66.6181  21.2953
    1.91  60.0972   22.723
    1.93  125.601  36.7101
    1.95  67.4052  23.5604
    1.97  45.7228  18.2746
    1.99  92.4845  25.4218
    2.01  95.0784  28.6342
    2.03  203.863  46.6326
    2.05  236.477  47.7587
    2.07  182.453  39.3363
    2.09  240.315  44.2886
    2.11  366.847  56.3055
    2.13  317.389  55.1408
    2.15  245.113  45.4547
    2.17  298.168   51.128
    2.19   296.98  48.5105
    2.21  343.497   52.829
    2.23  462.539  65.7205
    2.25   364.63  69.0753
    2.27  306.579  54.3481
    2.29  566.872  69.1762
    2.31  476.543  58.4067
    2.33  403.053  56.1339
    2.35  677.836  80.1074
    2.37  559.655  78.4185
    2.39  588.332  71.9919
    2.41  283.799  48.7144
    2.43  510.268  61.1095
    2.45  274.152  49.7886
    2.47  362.326  53.1473
    2.49  411.136  54.4477
[1-,1+,0+]=[f0_980_0=[pi-[0,0]pi+][1,0]pi-]
    0.51        0        0
    0.53        0        0
    0.55        0        0
    0.57        0        0
    0.59        0        0
    0.61        0        0
    0.63        0        0
    0.65        0        0
    0.67        0        0
    0.69        0        0
    0.71        0        0
    0.73        0        0
    0.75        0        0
    0.77        0        0
    0.79        0        0
    0.81        0        0
    0.83        0        0
    0.85        0        0
    0.87        0        0
    0.89        0        0
    0.91        0        0
    0.93        0        0
    0.95        0        0
    0.97        0        0
    0.99        0        0
    1.01        0        0
    1.03        0        0
    1.05        0        0
    1.07        0        0
    1.09        0        0
    1.11        0        0
    1.13        0        0
    1.15        0        0
    1.17        0        0
    1.19  32.0942  61.7084
    1.21   19.738  22.2127
    1.23  12.1761  13.5815
    1.25  37.3909    102.9
    1.27  20.1248  30.8091
    1.29   51.351  193.055
    1.31  50.2226  185.531
    1.33  62.3187  237.416
    1.35  65.0665  336.154
    1.37   81.898  557.601
    1.39  124.676  1592.26
    1.41  134.375  1691.77
    1.43  161.614  2276.82
    1.45  161.491  2390.45
    1.47  178.878  2878.45
    1.49  147.624  2005.64
    1.51  138.891  1675.48
    1.53  133.872  1649.34
    1.55  106.906  1034.75
    1.57  87.7087  671.459
    1.59  92.8259  790.125
    1.61  77.2228  563.318
    1.63  84.3715  624.927
    1.65  90.6004  732.022
    1.67  67.7933  421.341
    1.69  78.2168  559.154
    1.71   55.461  304.926
    1.73  57.3723  301.266
    1.75  75.3886  511.597
    1.77  55.0994  290.312
    1.79  43.6521  202.255
    1.81  37.1334  117.013
    1.85  32.1316  89.4035
    1.87  22.6637  59.8143
    1.89  24.8917  65.0704
    1.91  12.1552  13.1562
    1.93  20.2985  32.4384
    1.95  14.8582   18.325
    1.97  7.44665   4.6567
    1.99  11.8228  10.9093
    2.01   11.566   10.812
    2.03  15.7977  23.4857
    2.05  18.0715  24.8443
    2.07  4.45606  1.85442
    2.09  11.1999  10.4959
    2.11  17.9155  26.1613
    2.13  12.7569  13.7374
    2.15  16.9316  21.0901
    2.17  19.8331  31.8654
    2.19  22.2274  42.7788
    2.21  20.0316  29.7726
    2.23  15.2363  18.5069
    2.25  25.5866  48.9119
    2.27  42.4742  146.778
    2.29  38.8895  104.545
    2.31  38.8581   120.73
    2.33  29.3992  57.3485
    2.35  34.0476  92.0398
    2.37  26.7163  48.5531
    2.39  36.0721  104.734
    2.41   79.611  360.186
    2.43   40.856  147.663
    2.45  27.1573  69.3123
    2.47   44.448  153.518
    2.49  53.8206  215.493
phase: [1-,2+,1+]=[rho_770_0=[pi-[1,0]pi+][2,1]pi-], [1-,1+,0+]=[f0_980_0=[pi-[0,0]pi+][1,0]pi-]
    0.51        0        0
    0.53        0        0
    0.55        0        0
    0.57        0        0
    0.59        0        0
    0.61        0        0
    0.63        0        0
    0.65        0        0
    0.67        0        0
    0.69        0        0
    0.71        0        0
    0.73        0        0
    0.75        0        0
    0.77        0        0
    0.79        0        0
    0.81        0        0
    0.83        0        0
    0.85        0        0
    0.87        0        0
    0.89        0        0
    0.91        0        0
    0.93        0        0
    0.95        0        0
    0.97        0        0
    0.99        0        0
    1.01        0        0
    1.03        0        0
    1.05        0        0
    1.07        0        0
    1.09        0        0
    1.11        0        0
    1.13        0        0
    1.15        0        0
    1.17        0        0
    1.19 -170.721  14.7962
    1.21 -168.361   24.713
    1.23  21.7267  24.5378
    1.25  133.702  11.2266
    1.27  85.5677  18.3858
    1.29  112.662  8.20301
    1.31  139.408  7.97116
    1.33  105.848  7.31342
    1.35  87.9774   5.6294
    1.37  78.7169  4.47595
    1.39  59.9989  2.59065
    1.41  46.0554  2.77133
    1.43  27.1713  2.47488
    1.45   19.909  2.46228
    1.47  15.2841  2.57232
    1.49  12.1502  2.86074
    1.51 -0.473434  2.97292
    1.53   13.621  3.48695
    1.55  17.4209  4.32974
    1.57  1.80972  4.69466
    1.59 -4.68511  4.72597
    1.61  9.70049  5.45886
    1.63 -11.5585  5.83306
    1.65 -14.4332  6.00354
    1.67 -18.9229   7.0957
    1.69 -31.4319  15.1368
    1.71 -8.48504     48.1
    1.73 -50.3306   57.515
    1.75  29.8707  17.0866
    1.77 -49.5595  21.3477
    1.79  94.0472  32.5354
    1.81   124.23  50.2461
    1.85 -174.148  15.2333
    1.87 -117.811  21.1157
    1.89 -136.306  17.6247
    1.91  -85.583  28.2531
    1.93 -161.102  19.5054
    1.95 -63.5006  22.6698
    1.97 -66.8904  42.2828
    1.99  -54.057  29.2678
    2.01  28.7303  31.9142
    2.03  67.6697  20.6357
    2.05  11.4567  21.2777
    2.07  40.8418  73.4711
    2.09  54.9267  30.0996
    2.11  13.5433  20.2442
    2.13   13.542  27.2908
    2.15 -54.5013  21.8087
    2.17 -16.1414  17.9221
    2.19  8.05731  15.7357
    2.21  2.60057  19.9783
    2.23  14.7028  25.1383
    2.25  3.55742   15.693
    2.27  8.94513  9.78996
    2.29  39.1665  11.2823
    2.31  17.2736  10.4385
    2.33  18.6966  15.7461
    2.35  74.6483  10.8131
    2.37   14.573  17.0399
    2.39   51.465  11.3271
    2.41 -48.6283  7.56344
    2.43   33.839  9.59502
    2.45  50.5893  13.3761
    2.47   56.627   9.5207
    2.49  34.1795  9.12343
