Start to configurate gStyle

Processing print_waves.C("[1-,2+,1+]=[rho_770_0=[pi-[1,0]pi+][2,1]pi-]","[1-,1+,0+]=[rho_770_0=[pi-[1,0]pi+][0,1]pi-]")...
done
done
[1-,2+,1+]=[rho_770_0=[pi-[1,0]pi+][2,1]pi-]
    0.51  18.7637  14.0704
    0.53  6.03428  7.32716
    0.55  3.55815  6.08236
    0.57  20.9355  15.3792
    0.59  13.3327   12.386
    0.61  85.6453  29.7287
    0.63  5.27067  7.91364
    0.65  64.7761  31.0586
    0.67   3.7919  7.93998
    0.69  19.8626  19.9031
    0.71  19.4981  13.8059
    0.73  71.5021  31.1918
    0.75  12.8482  17.6367
    0.77   21.998  22.9565
    0.79  83.0895  27.9133
    0.81  40.4266  26.2994
    0.83  45.6284  50.5711
    0.85  86.0765  38.9606
    0.87  208.112  61.7542
    0.89  262.255  43.1977
    0.91   293.84  43.6647
    0.93  697.664  109.995
    0.95  430.566  58.5903
    0.97  650.151  135.548
    0.99  530.308  54.8348
    1.01  345.286  86.3637
    1.03  765.362  128.566
    1.05  1124.81   154.36
    1.07  2294.78  240.919
    1.09  2838.67  239.294
    1.11  3010.39  246.112
    1.13  3976.56  275.427
    1.15  4909.32  294.812
    1.17  6667.26  329.563
    1.19  11225.7  407.717
    1.21  15385.9  491.875
    1.23  18384.2  425.968
    1.25  29851.5   603.14
    1.27  37465.6  615.996
    1.29  46561.4  677.344
    1.31  48412.9  682.769
    1.33  39261.9   633.23
    1.35  27454.2  499.397
    1.37  20139.3  429.374
    1.39    12910  328.277
    1.41  8638.05  285.302
    1.43  6106.91  246.684
    1.45  4070.06  196.219
    1.47  2517.05  154.708
    1.49  2313.67  148.982
    1.51  2079.44  140.111
    1.53  1311.59  114.697
    1.55  873.544  87.0048
    1.57  889.405  88.3074
    1.59  573.457  69.0075
    1.61  529.566  63.2784
    1.63  303.647   50.821
    1.65  263.933  44.3351
    1.67  191.555   38.969
    1.69  32.9224   15.367
    1.71   2.5014  4.24338
    1.73  2.53753  4.58347
    1.75  22.2824  13.8298
    1.77  18.6145  12.5813
    1.79   8.1727  9.29567
    1.81  3.83021  5.04045
    1.85  46.9448  18.6245
    1.87  34.3072  15.3797
    1.89  66.6181  21.2953
    1.91  60.0972   22.723
    1.93  125.601  36.7101
    1.95  67.4052  23.5604
    1.97  45.7228  18.2746
    1.99  92.4845  25.4218
    2.01  95.0784  28.6342
    2.03  203.863  46.6326
    2.05  236.477  47.7587
    2.07  182.453  39.3363
    2.09  240.315  44.2886
    2.11  366.847  56.3055
    2.13  317.389  55.1408
    2.15  245.113  45.4547
    2.17  298.168   51.128
    2.19   296.98  48.5105
    2.21  343.497   52.829
    2.23  462.539  65.7205
    2.25   364.63  69.0753
    2.27  306.579  54.3481
    2.29  566.872  69.1762
    2.31  476.543  58.4067
    2.33  403.053  56.1339
    2.35  677.836  80.1074
    2.37  559.655  78.4185
    2.39  588.332  71.9919
    2.41  283.799  48.7144
    2.43  510.268  61.1095
    2.45  274.152  49.7886
    2.47  362.326  53.1473
    2.49  411.136  54.4477
[1-,1+,0+]=[rho_770_0=[pi-[1,0]pi+][0,1]pi-]
    0.51  150.045  142.585
    0.53  183.802  140.808
    0.55  173.976  172.019
    0.57  64.0088  50.7362
    0.59  141.441  158.656
    0.61  237.629  591.154
    0.63  188.222  366.267
    0.65  302.527  1253.51
    0.67  103.635  155.774
    0.69  704.103  1805.45
    0.71  55.2212  36.0341
    0.73   132.75  193.956
    0.75  577.463  3350.22
    0.77  736.532  4448.84
    0.79  615.803  11116.3
    0.81  1312.25  12145.5
    0.83  1521.11    16219
    0.85   1187.2    23710
    0.87  1109.11  31856.6
    0.89   756.31  49412.6
    0.91  1050.21  64448.9
    0.93  1513.46  68460.3
    0.95  1420.34  98396.5
    0.97  1779.02   117777
    0.99  1569.13   140874
    1.01  1619.36   153341
    1.03  1618.45   175258
    1.05  1645.72   196116
    1.07  1708.73   200756
    1.09  1713.81   215073
    1.11  1622.16   211856
    1.13  1609.57   221939
    1.15  1515.16   214430
    1.17  1466.69   219960
    1.19  1431.93   207374
    1.21  1438.98   205021
    1.23  1134.93   202225
    1.25  1356.12   184389
    1.27  1211.57   167285
    1.29  1230.34   155806
    1.31  1167.57   138531
    1.33  1118.83   121498
    1.35  972.882   106052
    1.37  908.468  87774.3
    1.39  801.245  70830.9
    1.41  780.382    56317
    1.43  696.327  44119.3
    1.45   645.77  36939.6
    1.47  578.243  30998.2
    1.49  557.145  26807.5
    1.51  478.942  22108.8
    1.53  445.549  18859.8
    1.55  397.322  17038.4
    1.57  369.619  14264.3
    1.59  340.641  11691.3
    1.61  325.333  11919.6
    1.63  301.695  8954.12
    1.65  292.525  8056.41
    1.67  287.669  7689.41
    1.69   259.29  6486.26
    1.71  239.865  5649.06
    1.73  254.282  6478.81
    1.75  226.781  4864.74
    1.77  211.801  4306.86
    1.79  208.739  4585.05
    1.81  208.555  4346.13
    1.85  189.415  3735.58
    1.87  197.356  4008.47
    1.89  171.873   3226.1
    1.91  166.485  3049.17
    1.93  167.218  2944.92
    1.95  146.547  2437.51
    1.97  135.708  1767.28
    1.99  128.087  1637.71
    2.01  101.018  1123.65
    2.03  103.493  1037.31
    2.05  89.0538  868.602
    2.07  81.2998  677.868
    2.09   62.102  460.055
    2.11  51.8825  279.005
    2.13  38.9999  165.415
    2.15  44.6658  230.354
    2.17  34.5527  130.885
    2.19  31.0527  92.3246
    2.21  42.1448  170.187
    2.23  51.2713  229.755
    2.25  67.3611  272.553
    2.27  48.5473   218.02
    2.29  52.4828  215.317
    2.31  53.4033   270.33
    2.33  48.7325   217.84
    2.35  55.7106  261.994
    2.37  68.2928  450.241
    2.39  60.1751  337.969
    2.41    53.03  287.033
    2.43   58.087  322.475
    2.45  63.1062  442.963
    2.47  44.7716  263.391
    2.49  59.5608  376.722
phase: [1-,2+,1+]=[rho_770_0=[pi-[1,0]pi+][2,1]pi-], [1-,1+,0+]=[rho_770_0=[pi-[1,0]pi+][0,1]pi-]
    0.51 -108.299  36.7908
    0.53 -33.5356  43.8988
    0.55 -1.53778  57.4764
    0.57  158.148  44.9763
    0.59  -114.36  41.3179
    0.61 -38.5568  12.6991
    0.63  36.4967  47.9351
    0.65 -29.2079  13.6189
    0.67 -46.5928  54.6263
    0.69   12.517  28.6263
    0.71  5.18018  50.1556
    0.73 -62.1403  16.4288
    0.75 -107.608  27.9934
    0.77  -94.024  27.6459
    0.79  22.4797  12.6904
    0.81  1.91222  18.2665
    0.83  15.8166  25.1021
    0.85  14.4761  18.4605
    0.87 -8.45806  6.66797
    0.89 -1.34239   4.5139
    0.91   8.5056  5.81581
    0.93  73.2305  5.01712
    0.95 -1.04403  3.71811
    0.97 -32.7006  2.81271
    0.99  14.2797  5.47015
    1.01  -14.198  8.33711
    1.03 -17.7328  6.01913
    1.05 -31.8384  4.89351
    1.07 -44.1787  3.38868
    1.09 -32.8885  2.87699
    1.11 -46.5657  2.66974
    1.13 -45.9169  2.19147
    1.15 -38.0129  1.77412
    1.17 -42.1199  1.51601
    1.19 -44.1484  1.11221
    1.21 -44.0888 0.933882
    1.23 -37.9168 0.661166
    1.25 -34.4186 0.671952
    1.27 -25.7025 0.559563
    1.29 -12.9502 0.489865
    1.31  5.39734  0.48868
    1.33   22.859 0.643954
    1.35   32.843 0.796245
    1.37   42.069 0.854112
    1.39  47.4543 0.953363
    1.41  50.7585  1.17943
    1.43  55.1224  1.33114
    1.45  56.7541  1.51281
    1.47  60.3538  1.84212
    1.49  63.6134  1.91876
    1.51  62.2454  1.96441
    1.53  73.1469   2.5231
    1.55  73.6282  2.78536
    1.57  72.7717  2.79169
    1.59  77.5188  3.38653
    1.61   95.329  3.63749
    1.63  87.1753  4.84114
    1.65  105.489  5.25277
    1.67  85.1915  5.82226
    1.69  96.3251  14.0539
    1.71  97.1149  50.8439
    1.73  89.2581  51.4634
    1.75  170.849  19.1092
    1.77  91.0835   19.631
    1.79 -140.037  25.3346
    1.81  -60.054  48.8737
    1.85  6.78373  10.7773
    1.87 -2.26221  13.2001
    1.89 -5.93705  9.73367
    1.91  10.9003  9.86841
    1.93  31.0283  6.70273
    1.95  14.1938  8.78161
    1.97  9.94249  10.9246
    1.99  4.37801  7.94602
    2.01  29.6229  8.16095
    2.03  48.2149  6.41939
    2.05  50.6603  5.82268
    2.07  29.5595  7.09955
    2.09  40.0014  6.52735
    2.11  58.2313  6.16478
    2.13  46.6474   7.6883
    2.15  35.7108  7.47638
    2.17  63.4431  8.49675
    2.19  30.2174  10.0943
    2.21  54.5121   7.2355
    2.23    33.69  6.81696
    2.25   17.165  8.90035
    2.27  7.68614  8.21069
    2.29  36.4938  6.58689
    2.31  30.9689  6.13662
    2.33  27.9808  7.01475
    2.35  28.4192  6.20601
    2.37  36.4149  5.33171
    2.39  34.7246  6.02494
    2.41 -12.9529  7.29368
    2.43  57.9487  6.60826
    2.45  55.6558  6.31763
    2.47   28.962  6.50524
    2.49  47.1137  5.74848
