0.51 112.571762085 31.9151678522
0.53 75.778503418 26.2433903047
0.55 139.739181519 34.7090643172
0.57 155.981689453 36.0626092443
0.59 160.392959595 35.2460137406
0.61 61.6036682129 23.8345328298
0.63 184.881118774 40.5103968709
0.65 151.849777222 38.5832313196
0.67 268.749511719 56.8598044249
0.69 146.372955322 54.0982660362
0.71 344.74899292 74.810399994
0.73 172.84942627 46.0254416806
0.75 116.908424377 39.9640149495
0.77 189.443054199 52.966584396
0.79 395.201721191 91.9526095237
0.81 338.24899292 86.6454128638
0.83 432.826721191 88.2329528002
0.85 506.112213135 92.1725510273
0.87 538.279296875 99.510344327
0.89 378.520263672 93.1481762714
0.91 608.878173828 106.376338587
0.93 620.685852051 116.541401821
0.95 603.925720215 103.847226521
0.97 366.928039551 72.5286658672
0.99 447.87902832 86.2622810549
1.01 577.072753906 88.2903383043
1.03 460.564605713 72.3175068723
1.05 341.483306885 57.0245362058
1.07 285.067199707 46.2941709586
1.09 247.951660156 42.2571513709
1.11 271.24319458 49.694485135
1.13 259.219573975 46.1710842833
1.15 513.895568848 65.7703366467
1.17 163.407485962 36.3553178308
1.19 355.169219971 51.6899499462
1.21 329.556976318 48.8671580216
1.23 422.767364502 53.3267766657
1.25 264.035705566 41.716501834
1.27 300.960357666 41.9470241437
1.29 250.225128174 40.1570243894
1.31 161.710800171 32.450315105
1.33 160.409576416 33.3295756622
1.35 132.889816284 30.2271986012
1.37 204.143920898 39.805074134
1.39 305.13949585 49.020883742
1.41 124.969223022 31.5976899046
1.43 118.93547821 29.0961964825
1.45 171.785461426 36.7847233885
1.47 135.804824829 31.5911496366
1.49 201.748687744 38.0985244625
1.51 352.299591064 50.4195938516
1.53 540.600036621 57.6383984312
1.55 836.516174316 75.2855431143
1.57 1835.24926758 109.738844511
1.59 3003.03393555 133.208231207
1.61 4908.17871094 171.77116217
1.63 7922.10449219 219.002359108
1.65 11586.9902344 271.192998088
1.67 14660.4648438 307.537974126
1.69 19886.6171875 360.53468467
1.71 24597.96875 407.261545934
1.73 28637.6503906 448.554844866
1.75 35493.53125 500.186510258
1.77 38626.7070312 514.929285383
1.79 42805.15625 534.679765752
1.81 44238.5585938 534.86657945
1.83 45641.8125 528.786494243
1.85 44370.5 505.808284582
1.87 43097.1523438 478.907394982
1.89 38260.9882812 437.402205867
1.91 32504.5664062 400.710346433
1.93 28154.1308594 373.692260773
1.95 24191.4589844 352.063230124
1.97 22373.0214844 345.049725916
1.99 21228.640625 338.275156376
2.01 19844.3222656 331.650974883
2.03 18429.1953125 332.924897027
2.05 17369.6054688 322.116234313
2.07 15591.1845703 310.178963471
2.09 15129.8349609 309.209787997
2.11 14222.59375 302.763825987
2.13 13415.0546875 308.967972463
2.15 13050.0673828 298.869891791
2.17 12226.4912109 284.107762053
2.19 11387.3095703 273.808644769
2.21 9682.64355469 279.086162375
2.23 9217.00292969 263.654571423
2.25 7753.12109375 261.658156698
2.27 6974.39550781 257.867443246
2.29 6202.46972656 243.303817394
2.31 5369.63134766 230.29125872
2.33 6060.81933594 239.431791337
2.35 5707.1171875 251.818818006
2.37 4377.63525391 251.029230004
2.39 4638.69775391 212.041673991
2.41 5328.78027344 221.086718776
2.43 3990.54589844 216.938519607
2.45 5182.18994141 229.252780577
2.47 4424.14746094 209.701447461
2.49 5299.84082031 235.671704783
