0.51 43.4231719971 19.3040810987
0.53 87.0330505371 27.1254283107
0.55 73.8861618042 25.7156906997
0.57 124.841384888 34.6501510386
0.59 179.820114136 44.0423884778
0.61 212.928222656 48.3142736191
0.63 149.48197937 37.9445142342
0.65 405.613464355 68.414393108
0.67 414.982788086 73.9339524464
0.69 341.457519531 66.7828932593
0.71 395.731231689 77.6174300675
0.73 304.185455322 58.3806536699
0.75 691.677429199 98.2429110467
0.77 557.108154297 92.1921538649
0.79 501.944976807 96.4848453896
0.81 729.895324707 118.369705738
0.83 953.752502441 125.149866642
0.85 1934.18505859 197.95200308
0.87 1177.96716309 169.048880748
0.89 758.176330566 130.205143627
0.91 1111.00012207 146.127073144
0.93 788.214355469 124.545600093
0.95 888.602416992 122.027065245
0.97 978.606994629 123.947110879
0.99 626.198364258 104.456276759
1.01 1727.96911621 175.713710289
1.03 1379.43469238 147.519270643
1.05 1268.69824219 147.968976043
1.07 1310.76818848 127.24035656
1.09 1520.9486084 134.056012019
1.11 847.186828613 101.075319514
1.13 1325.25500488 124.97788635
1.15 1121.86254883 118.356042716
1.17 1340.40136719 128.208434063
1.19 1090.66235352 119.187774098
1.21 2539.49975586 178.341533171
1.23 2090.47241211 159.108945841
1.25 2961.11816406 184.924809368
1.27 3477.34887695 205.146355893
1.29 3476.35107422 204.850922078
1.31 5495.11816406 281.331774624
1.33 6768.21435547 314.510651425
1.35 9272.18652344 365.828873824
1.37 10833.8828125 397.210256779
1.39 13705.2998047 445.612038461
1.41 15101.6171875 454.289838305
1.43 19088.7148438 499.325088363
1.45 20099.4570312 496.607807053
1.47 23615.3671875 520.572367977
1.49 27247.8945312 543.571233579
1.51 32454.2246094 567.138801338
1.53 36509.234375 580.725414161
1.55 39455.1757812 591.059807425
1.57 46001.0 629.948971865
1.59 52384.9648438 666.378378117
1.61 57440.9609375 693.416515779
1.63 64608.1914062 740.914330517
1.65 68570.734375 766.390496621
1.67 73308.296875 796.166919172
1.69 70585.1640625 781.093183011
1.71 64757.53125 766.549836511
1.73 59975.15625 744.776206425
1.75 56502.21875 726.417191115
1.77 51555.2070312 699.336374883
1.79 49441.3242188 690.906964146
1.81 48750.0234375 688.434321089
1.83 47704.8398438 682.214430226
1.85 49212.625 681.588820918
1.87 51631.4921875 700.062132078
1.89 52664.9882812 694.784813458
1.91 52142.3164062 686.725523289
1.93 48958.5078125 661.716353301
1.95 47037.3359375 649.185415811
1.97 42447.9179688 613.080407002
1.99 40700.7070312 597.890138875
2.01 38478.7695312 582.617104477
2.03 35105.3554688 553.223371814
2.05 30725.5722656 531.428814575
2.07 30154.2988281 512.048547112
2.09 26596.4804688 512.686404982
2.11 24928.6992188 464.583473877
2.13 24364.640625 443.213040278
2.15 22920.4277344 447.33413913
2.17 24972.65625 451.099877102
2.19 19073.3730469 397.680236568
2.21 21768.9355469 417.491428383
2.23 22245.0664062 446.177725787
2.25 19286.8945312 389.048578441
2.27 20669.359375 413.493511772
2.29 17052.5566406 375.447965834
2.31 17679.1640625 402.747044236
2.33 16373.9667969 370.590750552
2.35 18351.7773438 396.020745245
2.37 14411.90625 360.923715578
2.39 14938.0146484 374.444865142
2.41 14006.9101562 348.87557628
2.43 14161.0527344 347.202413925
2.45 13137.390625 349.925778961
2.47 11960.5341797 324.904499565
2.49 9826.85644531 299.138233292
