0.51 1954.41317177 700.553155452
0.53 964.038633406 481.393319016
0.55 2450.23131354 504.569599945
0.57 2397.72877529 440.533676431
0.59 2189.88884487 540.050199143
0.61 1433.70090051 329.704373849
0.63 1763.25778974 382.553110334
0.65 4335.11551225 513.667069016
0.67 2097.39954937 377.172235242
0.69 4540.7352823 685.925902328
0.71 6093.81139967 724.219598369
0.73 4630.54114806 522.261414981
0.75 11956.0192707 904.33141918
0.77 28722.9185198 1826.12969186
0.79 37971.0465989 1908.79008293
0.81 55380.6231015 2193.19275627
0.83 71995.5830092 3445.14054805
0.85 92090.6725477 3104.33838579
0.87 127267.576677 2661.83608959
0.89 202431.659842 2770.77387867
0.91 267239.658447 2899.83190085
0.93 348698.741984 3406.54583997
0.95 488743.400751 3471.94857591
0.97 576858.612206 3429.56119431
0.99 719528.240948 3309.65666185
1.01 808098.489577 3854.68722453
1.03 915018.218245 4052.98436605
1.05 1068758.69264 4050.83231535
1.07 1142573.07899 4220.64654675
1.09 1232161.51019 3968.55165943
1.11 1310595.7119 3888.41366175
1.13 1375493.16745 3935.13012968
1.15 1379066.3503 3962.22460037
1.17 1431361.66915 3575.14065788
1.19 1423980.93484 3880.67318705
1.21 1397476.02711 3702.12581355
1.23 1408485.6919 3793.57121168
1.25 1371280.6147 3418.64864624
1.27 1273138.16815 3427.67206743
1.29 1192302.16267 3226.29982841
1.31 1082947.67284 3011.46470627
1.33 982378.432917 2988.65421373
1.35 868852.590767 2744.98787354
1.37 737831.445801 2709.62723691
1.39 610466.486176 2364.70156316
1.41 491517.557931 2210.01829022
1.43 409029.178867 2054.1070055
1.45 345176.895507 1843.49862693
1.47 295481.957823 1828.57088181
1.49 255547.056839 1683.27005257
1.51 222220.649937 1559.89475631
1.53 200197.918196 1436.85982154
1.55 178081.165375 1320.32829056
1.57 161836.86488 1200.98382964
1.59 142906.478418 1109.29877922
1.61 132874.953662 1057.7880856
1.63 113320.564907 1011.48509976
1.65 102907.721307 984.849507033
1.67 91645.384098 940.798644568
1.69 84797.4776022 839.252549013
1.71 71153.9361931 849.32816884
1.73 66755.4620156 801.755207431
1.75 57640.4771218 757.111197529
1.77 55878.7593903 728.537308102
1.79 52454.6927057 727.148804546
1.81 49423.457377 702.815392932
1.83 49739.9623204 691.594609953
1.85 44509.8516699 662.350817053
1.87 43565.2244509 636.609232032
1.89 42154.6321826 646.867121607
1.91 36605.42724 579.993700213
1.93 33221.9519923 550.697451277
1.95 27925.1985924 485.870155668
1.97 25328.6984971 452.300892979
1.99 21071.9512051 453.206778907
2.01 18553.8016901 410.792498331
2.03 15063.2282355 365.05217818
2.05 11718.9132369 349.363198838
2.07 10554.2419585 324.347039167
2.09 8918.77680436 303.765924091
2.11 7885.45814704 283.868817533
2.13 7208.10622069 254.06805952
2.15 4716.18115056 216.144950533
2.17 5274.22290616 240.083112024
2.19 5696.28492524 222.973680247
2.21 4441.62283366 222.281266141
2.23 4804.35616703 204.322250159
2.25 3374.14350438 191.015096327
2.27 3450.71762734 180.533853709
2.29 4456.64872764 210.06452647
2.31 4032.65790417 190.122406375
2.33 4229.05786296 213.533798886
2.35 4379.1644478 224.435663486
2.37 4904.22360216 212.480688922
2.39 4620.6264694 206.771926729
2.41 4541.93185611 221.66258699
2.43 4524.84547246 206.16521061
2.45 5894.29508016 234.947293546
2.47 4328.08469337 196.216100331
2.49 4117.40509134 189.643403596

