//---------------------iModel 0 ---------------------//
/* intensities */
( 0 , "I@", [ 0 , 0 ]),
( 1 , "I@", [ 0 , 1 ]),
( 2 , "I@", [ 0 , 2 ]),
( 3 , "I@", [ 0 , 3 ]),

/* Phase differences */
( 4 , "Phi@", ([ 0 , 1 ], [ 0 , 0 ]) ),
( 5 , "Phi@", ([ 0 , 2 ], [ 0 , 0 ]) ),
( 6 , "Phi@", ([ 0 , 3 ], [ 0 , 0 ]) ),
( 7 , "Phi@", ([ 0 , 2 ], [ 0 , 1 ]) ),
( 8 , "Phi@", ([ 0 , 3 ], [ 0 , 1 ]) ),
( 9 , "Phi@", ([ 0 , 3 ], [ 0 , 2 ]) ),

/* Sin phase differences */
( 10 , "SinPhi@", ([ 0 , 1 ], [ 0 , 0 ]) ),
( 11 , "SinPhi@", ([ 0 , 2 ], [ 0 , 0 ]) ),
( 12 , "SinPhi@", ([ 0 , 3 ], [ 0 , 0 ]) ),
( 13 , "SinPhi@", ([ 0 , 2 ], [ 0 , 1 ]) ),
( 14 , "SinPhi@", ([ 0 , 3 ], [ 0 , 1 ]) ),
( 15 , "SinPhi@", ([ 0 , 3 ], [ 0 , 2 ]) ),

/* Cos phase differences */
( 16 , "CosPhi@", ([ 0 , 1 ], [ 0 , 0 ]) ),
( 17 , "CosPhi@", ([ 0 , 2 ], [ 0 , 0 ]) ),
( 18 , "CosPhi@", ([ 0 , 3 ], [ 0 , 0 ]) ),
( 19 , "CosPhi@", ([ 0 , 2 ], [ 0 , 1 ]) ),
( 20 , "CosPhi@", ([ 0 , 3 ], [ 0 , 1 ]) ),
( 21 , "CosPhi@", ([ 0 , 3 ], [ 0 , 2 ]) ),

//---------------------iModel 1 ---------------------//
/* intensities */
( 22 , "I@", [ 1 , 0 ]),
( 23 , "I@", [ 1 , 1 ]),
( 24 , "I@", [ 1 , 2 ]),
( 25 , "I@", [ 1 , 3 ]),

/* Phase differences */
( 26 , "Phi@", ([ 1 , 1 ], [ 1 , 0 ]) ),
( 27 , "Phi@", ([ 1 , 2 ], [ 1 , 0 ]) ),
( 28 , "Phi@", ([ 1 , 3 ], [ 1 , 0 ]) ),
( 29 , "Phi@", ([ 1 , 2 ], [ 1 , 1 ]) ),
( 30 , "Phi@", ([ 1 , 3 ], [ 1 , 1 ]) ),
( 31 , "Phi@", ([ 1 , 3 ], [ 1 , 2 ]) ),

/* Sin phase differences */
( 32 , "SinPhi@", ([ 1 , 1 ], [ 1 , 0 ]) ),
( 33 , "SinPhi@", ([ 1 , 2 ], [ 1 , 0 ]) ),
( 34 , "SinPhi@", ([ 1 , 3 ], [ 1 , 0 ]) ),
( 35 , "SinPhi@", ([ 1 , 2 ], [ 1 , 1 ]) ),
( 36 , "SinPhi@", ([ 1 , 3 ], [ 1 , 1 ]) ),
( 37 , "SinPhi@", ([ 1 , 3 ], [ 1 , 2 ]) ),

/* Cos phase differences */
( 38 , "CosPhi@", ([ 1 , 1 ], [ 1 , 0 ]) ),
( 39 , "CosPhi@", ([ 1 , 2 ], [ 1 , 0 ]) ),
( 40 , "CosPhi@", ([ 1 , 3 ], [ 1 , 0 ]) ),
( 41 , "CosPhi@", ([ 1 , 2 ], [ 1 , 1 ]) ),
( 42 , "CosPhi@", ([ 1 , 3 ], [ 1 , 1 ]) ),
( 43 , "CosPhi@", ([ 1 , 3 ], [ 1 , 2 ]) ),

//---------------------iModel 2 ---------------------//
/* intensities */
( 44 , "I@", [ 2 , 0 ]),
( 45 , "I@", [ 2 , 1 ]),
( 46 , "I@", [ 2 , 2 ]),
( 47 , "I@", [ 2 , 3 ]),

/* Phase differences */
( 48 , "Phi@", ([ 2 , 1 ], [ 2 , 0 ]) ),
( 49 , "Phi@", ([ 2 , 2 ], [ 2 , 0 ]) ),
( 50 , "Phi@", ([ 2 , 3 ], [ 2 , 0 ]) ),
( 51 , "Phi@", ([ 2 , 2 ], [ 2 , 1 ]) ),
( 52 , "Phi@", ([ 2 , 3 ], [ 2 , 1 ]) ),
( 53 , "Phi@", ([ 2 , 3 ], [ 2 , 2 ]) ),

/* Sin phase differences */
( 54 , "SinPhi@", ([ 2 , 1 ], [ 2 , 0 ]) ),
( 55 , "SinPhi@", ([ 2 , 2 ], [ 2 , 0 ]) ),
( 56 , "SinPhi@", ([ 2 , 3 ], [ 2 , 0 ]) ),
( 57 , "SinPhi@", ([ 2 , 2 ], [ 2 , 1 ]) ),
( 58 , "SinPhi@", ([ 2 , 3 ], [ 2 , 1 ]) ),
( 59 , "SinPhi@", ([ 2 , 3 ], [ 2 , 2 ]) ),

/* Cos phase differences */
( 60 , "CosPhi@", ([ 2 , 1 ], [ 2 , 0 ]) ),
( 61 , "CosPhi@", ([ 2 , 2 ], [ 2 , 0 ]) ),
( 62 , "CosPhi@", ([ 2 , 3 ], [ 2 , 0 ]) ),
( 63 , "CosPhi@", ([ 2 , 2 ], [ 2 , 1 ]) ),
( 64 , "CosPhi@", ([ 2 , 3 ], [ 2 , 1 ]) ),
( 65 , "CosPhi@", ([ 2 , 3 ], [ 2 , 2 ]) ),

//---------------------iModel 3 ---------------------//
/* intensities */
( 66 , "I@", [ 3 , 0 ]),
( 67 , "I@", [ 3 , 1 ]),
( 68 , "I@", [ 3 , 2 ]),
( 69 , "I@", [ 3 , 3 ]),

/* Phase differences */
( 70 , "Phi@", ([ 3 , 1 ], [ 3 , 0 ]) ),
( 71 , "Phi@", ([ 3 , 2 ], [ 3 , 0 ]) ),
( 72 , "Phi@", ([ 3 , 3 ], [ 3 , 0 ]) ),
( 73 , "Phi@", ([ 3 , 2 ], [ 3 , 1 ]) ),
( 74 , "Phi@", ([ 3 , 3 ], [ 3 , 1 ]) ),
( 75 , "Phi@", ([ 3 , 3 ], [ 3 , 2 ]) ),

/* Sin phase differences */
( 76 , "SinPhi@", ([ 3 , 1 ], [ 3 , 0 ]) ),
( 77 , "SinPhi@", ([ 3 , 2 ], [ 3 , 0 ]) ),
( 78 , "SinPhi@", ([ 3 , 3 ], [ 3 , 0 ]) ),
( 79 , "SinPhi@", ([ 3 , 2 ], [ 3 , 1 ]) ),
( 80 , "SinPhi@", ([ 3 , 3 ], [ 3 , 1 ]) ),
( 81 , "SinPhi@", ([ 3 , 3 ], [ 3 , 2 ]) ),

/* Cos phase differences */
( 82 , "CosPhi@", ([ 3 , 1 ], [ 3 , 0 ]) ),
( 83 , "CosPhi@", ([ 3 , 2 ], [ 3 , 0 ]) ),
( 84 , "CosPhi@", ([ 3 , 3 ], [ 3 , 0 ]) ),
( 85 , "CosPhi@", ([ 3 , 2 ], [ 3 , 1 ]) ),
( 86 , "CosPhi@", ([ 3 , 3 ], [ 3 , 1 ]) ),
( 87 , "CosPhi@", ([ 3 , 3 ], [ 3 , 2 ]) ),

//---------------------iModel 4 ---------------------//
/* intensities */
( 88 , "I@", [ 4 , 0 ]),
( 89 , "I@", [ 4 , 1 ]),
( 90 , "I@", [ 4 , 2 ]),
( 91 , "I@", [ 4 , 3 ]),

/* Phase differences */
( 92 , "Phi@", ([ 4 , 1 ], [ 4 , 0 ]) ),
( 93 , "Phi@", ([ 4 , 2 ], [ 4 , 0 ]) ),
( 94 , "Phi@", ([ 4 , 3 ], [ 4 , 0 ]) ),
( 95 , "Phi@", ([ 4 , 2 ], [ 4 , 1 ]) ),
( 96 , "Phi@", ([ 4 , 3 ], [ 4 , 1 ]) ),
( 97 , "Phi@", ([ 4 , 3 ], [ 4 , 2 ]) ),

/* Sin phase differences */
( 98 , "SinPhi@", ([ 4 , 1 ], [ 4 , 0 ]) ),
( 99 , "SinPhi@", ([ 4 , 2 ], [ 4 , 0 ]) ),
( 100 , "SinPhi@", ([ 4 , 3 ], [ 4 , 0 ]) ),
( 101 , "SinPhi@", ([ 4 , 2 ], [ 4 , 1 ]) ),
( 102 , "SinPhi@", ([ 4 , 3 ], [ 4 , 1 ]) ),
( 103 , "SinPhi@", ([ 4 , 3 ], [ 4 , 2 ]) ),

/* Cos phase differences */
( 104 , "CosPhi@", ([ 4 , 1 ], [ 4 , 0 ]) ),
( 105 , "CosPhi@", ([ 4 , 2 ], [ 4 , 0 ]) ),
( 106 , "CosPhi@", ([ 4 , 3 ], [ 4 , 0 ]) ),
( 107 , "CosPhi@", ([ 4 , 2 ], [ 4 , 1 ]) ),
( 108 , "CosPhi@", ([ 4 , 3 ], [ 4 , 1 ]) ),
( 109 , "CosPhi@", ([ 4 , 3 ], [ 4 , 2 ]) ),

//---------------------iModel 5 ---------------------//
/* intensities */
( 110 , "I@", [ 5 , 0 ]),
( 111 , "I@", [ 5 , 1 ]),
( 112 , "I@", [ 5 , 2 ]),
( 113 , "I@", [ 5 , 3 ]),

/* Phase differences */
( 114 , "Phi@", ([ 5 , 1 ], [ 5 , 0 ]) ),
( 115 , "Phi@", ([ 5 , 2 ], [ 5 , 0 ]) ),
( 116 , "Phi@", ([ 5 , 3 ], [ 5 , 0 ]) ),
( 117 , "Phi@", ([ 5 , 2 ], [ 5 , 1 ]) ),
( 118 , "Phi@", ([ 5 , 3 ], [ 5 , 1 ]) ),
( 119 , "Phi@", ([ 5 , 3 ], [ 5 , 2 ]) ),

/* Sin phase differences */
( 120 , "SinPhi@", ([ 5 , 1 ], [ 5 , 0 ]) ),
( 121 , "SinPhi@", ([ 5 , 2 ], [ 5 , 0 ]) ),
( 122 , "SinPhi@", ([ 5 , 3 ], [ 5 , 0 ]) ),
( 123 , "SinPhi@", ([ 5 , 2 ], [ 5 , 1 ]) ),
( 124 , "SinPhi@", ([ 5 , 3 ], [ 5 , 1 ]) ),
( 125 , "SinPhi@", ([ 5 , 3 ], [ 5 , 2 ]) ),

/* Cos phase differences */
( 126 , "CosPhi@", ([ 5 , 1 ], [ 5 , 0 ]) ),
( 127 , "CosPhi@", ([ 5 , 2 ], [ 5 , 0 ]) ),
( 128 , "CosPhi@", ([ 5 , 3 ], [ 5 , 0 ]) ),
( 129 , "CosPhi@", ([ 5 , 2 ], [ 5 , 1 ]) ),
( 130 , "CosPhi@", ([ 5 , 3 ], [ 5 , 1 ]) ),
( 131 , "CosPhi@", ([ 5 , 3 ], [ 5 , 2 ]) ),

//---------------------iModel 6 ---------------------//
/* intensities */
( 132 , "I@", [ 6 , 0 ]),
( 133 , "I@", [ 6 , 1 ]),
( 134 , "I@", [ 6 , 2 ]),
( 135 , "I@", [ 6 , 3 ]),

/* Phase differences */
( 136 , "Phi@", ([ 6 , 1 ], [ 6 , 0 ]) ),
( 137 , "Phi@", ([ 6 , 2 ], [ 6 , 0 ]) ),
( 138 , "Phi@", ([ 6 , 3 ], [ 6 , 0 ]) ),
( 139 , "Phi@", ([ 6 , 2 ], [ 6 , 1 ]) ),
( 140 , "Phi@", ([ 6 , 3 ], [ 6 , 1 ]) ),
( 141 , "Phi@", ([ 6 , 3 ], [ 6 , 2 ]) ),

/* Sin phase differences */
( 142 , "SinPhi@", ([ 6 , 1 ], [ 6 , 0 ]) ),
( 143 , "SinPhi@", ([ 6 , 2 ], [ 6 , 0 ]) ),
( 144 , "SinPhi@", ([ 6 , 3 ], [ 6 , 0 ]) ),
( 145 , "SinPhi@", ([ 6 , 2 ], [ 6 , 1 ]) ),
( 146 , "SinPhi@", ([ 6 , 3 ], [ 6 , 1 ]) ),
( 147 , "SinPhi@", ([ 6 , 3 ], [ 6 , 2 ]) ),

/* Cos phase differences */
( 148 , "CosPhi@", ([ 6 , 1 ], [ 6 , 0 ]) ),
( 149 , "CosPhi@", ([ 6 , 2 ], [ 6 , 0 ]) ),
( 150 , "CosPhi@", ([ 6 , 3 ], [ 6 , 0 ]) ),
( 151 , "CosPhi@", ([ 6 , 2 ], [ 6 , 1 ]) ),
( 152 , "CosPhi@", ([ 6 , 3 ], [ 6 , 1 ]) ),
( 153 , "CosPhi@", ([ 6 , 3 ], [ 6 , 2 ]) ),

//---------------------iModel 7 ---------------------//
/* intensities */
( 154 , "I@", [ 7 , 0 ]),
( 155 , "I@", [ 7 , 1 ]),
( 156 , "I@", [ 7 , 2 ]),
( 157 , "I@", [ 7 , 3 ]),

/* Phase differences */
( 158 , "Phi@", ([ 7 , 1 ], [ 7 , 0 ]) ),
( 159 , "Phi@", ([ 7 , 2 ], [ 7 , 0 ]) ),
( 160 , "Phi@", ([ 7 , 3 ], [ 7 , 0 ]) ),
( 161 , "Phi@", ([ 7 , 2 ], [ 7 , 1 ]) ),
( 162 , "Phi@", ([ 7 , 3 ], [ 7 , 1 ]) ),
( 163 , "Phi@", ([ 7 , 3 ], [ 7 , 2 ]) ),

/* Sin phase differences */
( 164 , "SinPhi@", ([ 7 , 1 ], [ 7 , 0 ]) ),
( 165 , "SinPhi@", ([ 7 , 2 ], [ 7 , 0 ]) ),
( 166 , "SinPhi@", ([ 7 , 3 ], [ 7 , 0 ]) ),
( 167 , "SinPhi@", ([ 7 , 2 ], [ 7 , 1 ]) ),
( 168 , "SinPhi@", ([ 7 , 3 ], [ 7 , 1 ]) ),
( 169 , "SinPhi@", ([ 7 , 3 ], [ 7 , 2 ]) ),

/* Cos phase differences */
( 170 , "CosPhi@", ([ 7 , 1 ], [ 7 , 0 ]) ),
( 171 , "CosPhi@", ([ 7 , 2 ], [ 7 , 0 ]) ),
( 172 , "CosPhi@", ([ 7 , 3 ], [ 7 , 0 ]) ),
( 173 , "CosPhi@", ([ 7 , 2 ], [ 7 , 1 ]) ),
( 174 , "CosPhi@", ([ 7 , 3 ], [ 7 , 1 ]) ),
( 175 , "CosPhi@", ([ 7 , 3 ], [ 7 , 2 ]) ),

//---------------------iModel 8 ---------------------//
/* intensities */
( 176 , "I@", [ 8 , 0 ]),
( 177 , "I@", [ 8 , 1 ]),
( 178 , "I@", [ 8 , 2 ]),
( 179 , "I@", [ 8 , 3 ]),

/* Phase differences */
( 180 , "Phi@", ([ 8 , 1 ], [ 8 , 0 ]) ),
( 181 , "Phi@", ([ 8 , 2 ], [ 8 , 0 ]) ),
( 182 , "Phi@", ([ 8 , 3 ], [ 8 , 0 ]) ),
( 183 , "Phi@", ([ 8 , 2 ], [ 8 , 1 ]) ),
( 184 , "Phi@", ([ 8 , 3 ], [ 8 , 1 ]) ),
( 185 , "Phi@", ([ 8 , 3 ], [ 8 , 2 ]) ),

/* Sin phase differences */
( 186 , "SinPhi@", ([ 8 , 1 ], [ 8 , 0 ]) ),
( 187 , "SinPhi@", ([ 8 , 2 ], [ 8 , 0 ]) ),
( 188 , "SinPhi@", ([ 8 , 3 ], [ 8 , 0 ]) ),
( 189 , "SinPhi@", ([ 8 , 2 ], [ 8 , 1 ]) ),
( 190 , "SinPhi@", ([ 8 , 3 ], [ 8 , 1 ]) ),
( 191 , "SinPhi@", ([ 8 , 3 ], [ 8 , 2 ]) ),

/* Cos phase differences */
( 192 , "CosPhi@", ([ 8 , 1 ], [ 8 , 0 ]) ),
( 193 , "CosPhi@", ([ 8 , 2 ], [ 8 , 0 ]) ),
( 194 , "CosPhi@", ([ 8 , 3 ], [ 8 , 0 ]) ),
( 195 , "CosPhi@", ([ 8 , 2 ], [ 8 , 1 ]) ),
( 196 , "CosPhi@", ([ 8 , 3 ], [ 8 , 1 ]) ),
( 197 , "CosPhi@", ([ 8 , 3 ], [ 8 , 2 ]) ),

//---------------------iModel 9 ---------------------//
/* intensities */
( 198 , "I@", [ 9 , 0 ]),
( 199 , "I@", [ 9 , 1 ]),
( 200 , "I@", [ 9 , 2 ]),
( 201 , "I@", [ 9 , 3 ]),

/* Phase differences */
( 202 , "Phi@", ([ 9 , 1 ], [ 9 , 0 ]) ),
( 203 , "Phi@", ([ 9 , 2 ], [ 9 , 0 ]) ),
( 204 , "Phi@", ([ 9 , 3 ], [ 9 , 0 ]) ),
( 205 , "Phi@", ([ 9 , 2 ], [ 9 , 1 ]) ),
( 206 , "Phi@", ([ 9 , 3 ], [ 9 , 1 ]) ),
( 207 , "Phi@", ([ 9 , 3 ], [ 9 , 2 ]) ),

/* Sin phase differences */
( 208 , "SinPhi@", ([ 9 , 1 ], [ 9 , 0 ]) ),
( 209 , "SinPhi@", ([ 9 , 2 ], [ 9 , 0 ]) ),
( 210 , "SinPhi@", ([ 9 , 3 ], [ 9 , 0 ]) ),
( 211 , "SinPhi@", ([ 9 , 2 ], [ 9 , 1 ]) ),
( 212 , "SinPhi@", ([ 9 , 3 ], [ 9 , 1 ]) ),
( 213 , "SinPhi@", ([ 9 , 3 ], [ 9 , 2 ]) ),

/* Cos phase differences */
( 214 , "CosPhi@", ([ 9 , 1 ], [ 9 , 0 ]) ),
( 215 , "CosPhi@", ([ 9 , 2 ], [ 9 , 0 ]) ),
( 216 , "CosPhi@", ([ 9 , 3 ], [ 9 , 0 ]) ),
( 217 , "CosPhi@", ([ 9 , 2 ], [ 9 , 1 ]) ),
( 218 , "CosPhi@", ([ 9 , 3 ], [ 9 , 1 ]) ),
( 219 , "CosPhi@", ([ 9 , 3 ], [ 9 , 2 ]) )