1-(2-+)0+ f2 pi S               h26                       
0.51 9916.41113281 3067.05092475
0.53 12716.7324219 3015.29142909
0.55 5386.87939453 1757.617621
0.57 6850.48828125 1688.69923649
0.59 5645.05273438 1318.50828983
0.61 4240.44091797 1071.4512194
0.63 2936.87475586 784.820617473
0.65 5814.8515625 1196.26413426
0.67 7532.81494141 1109.04559876
0.69 4337.50830078 1147.8323312
0.71 2204.39794922 596.660478389
0.73 2141.94262695 538.939374979
0.75 2057.08837891 576.435651855
0.77 4264.43505859 710.64524726
0.79 1346.67126465 346.39410949
0.81 3094.78027344 624.249739091
0.83 2883.13330078 613.933645583
0.85 4288.94287109 775.255566796
0.87 5733.30126953 707.52817344
0.89 2025.91552734 416.079181581
0.91 4674.93310547 550.490420363
0.93 2992.10839844 475.433012118
0.95 1245.32287598 251.165196044
0.97 2473.65551758 334.839764002
0.99 1831.52819824 247.704923038
1.01 7590.92382812 636.785839257
1.03 6437.66748047 605.018680152
1.05 4375.12597656 491.352253591
1.07 3909.296875 441.879669864
1.09 3822.17993164 427.385022287
1.11 2668.76611328 340.054995768
1.13 2366.3762207 276.570532305
1.15 3326.84228516 332.760547038
1.17 3759.85058594 336.324726137
1.19 3127.30664062 290.674174267
1.21 3264.12890625 286.579354899
1.23 1582.05236816 187.188897139
1.25 1678.74719238 177.413192799
1.27 1816.52770996 183.206236814
1.29 3062.25219727 225.26655218
1.31 4773.36425781 277.099937066
1.33 5778.54541016 298.301700891
1.35 9523.57421875 406.134033929
1.37 14054.6708984 471.593524027
1.39 21637.7050781 574.777218752
1.41 31126.3828125 643.356480242
1.43 43648.3984375 709.361985357
1.45 59205.6210938 801.325217605
1.47 80710.96875 894.775372666
1.49 100285.625 978.138173958
1.51 130689.4375 1084.35458442
1.53 158332.703125 1160.44709906
1.55 201445.296875 1335.69335525
1.57 244525.734375 1386.96721119
1.59 279214.6875 1396.43300404
1.61 311308.78125 1431.45335653
1.63 338407.0625 1456.52960567
1.65 355429.9375 1467.86954461
1.67 359915.5 1467.25917423
1.69 351365.65625 1448.134845
1.71 322423.25 1398.13850435
1.73 292017.0 1347.72233063
1.75 253432.453125 1271.11247797
1.77 214070.125 1177.43976176
1.79 181705.875 1115.68742341
1.81 152461.765625 1018.67704302
1.83 125047.671875 931.399849521
1.85 103839.078125 847.126797207
1.87 87722.78125 770.565551108
1.89 73486.84375 689.174539857
1.91 66102.96875 642.895350458
1.93 61823.2851562 621.271338212
1.95 59684.4414062 600.201856507
1.97 59292.2890625 604.532837537
1.99 58198.6484375 609.616336025
2.01 60516.640625 635.643808488
2.03 58212.9804688 646.278379756
2.05 57957.0585938 651.495707383
2.07 56548.3203125 644.980769759
2.09 56610.046875 633.887262857
2.11 51688.1992188 603.216737073
2.13 48572.8515625 582.190927761
2.15 43980.3398438 549.188905661
2.17 38541.4140625 516.852405605
2.19 36859.421875 508.74440405
2.21 35153.1015625 505.20446095
2.23 31375.0546875 483.997100065
2.25 30154.1289062 483.036737976
2.27 26888.6914062 458.824304402
2.29 24354.6816406 434.834685946
2.31 23670.2402344 441.7955247
2.33 21128.7421875 422.056122289
2.35 18979.0722656 406.614028909
2.37 18513.4101562 409.48446324
2.39 16902.9511719 386.579801742
2.41 13975.3515625 356.738851992
2.43 13982.4599609 364.220807185
2.45 12325.0595703 352.080089821
2.47 13227.3447266 364.272619253
2.49 10027.6582031 338.126291551
1-(2-+)0+ f2 pi D       h29                               
0.51 112.571762085 31.9151678522
0.53 75.778503418 26.2433903047
0.55 139.739181519 34.7090643172
0.57 155.981689453 36.0626092443
0.59 160.392959595 35.2460137406
0.61 61.6036682129 23.8345328298
0.63 184.881118774 40.5103968709
0.65 151.849777222 38.5832313196
0.67 268.749511719 56.8598044249
0.69 146.372955322 54.0982660362
0.71 344.74899292 74.810399994
0.73 172.84942627 46.0254416806
0.75 116.908424377 39.9640149495
0.77 189.443054199 52.966584396
0.79 395.201721191 91.9526095237
0.81 338.24899292 86.6454128638
0.83 432.826721191 88.2329528002
0.85 506.112213135 92.1725510273
0.87 538.279296875 99.510344327
0.89 378.520263672 93.1481762714
0.91 608.878173828 106.376338587
0.93 620.685852051 116.541401821
0.95 603.925720215 103.847226521
0.97 366.928039551 72.5286658672
0.99 447.87902832 86.2622810549
1.01 577.072753906 88.2903383043
1.03 460.564605713 72.3175068723
1.05 341.483306885 57.0245362058
1.07 285.067199707 46.2941709586
1.09 247.951660156 42.2571513709
1.11 271.24319458 49.694485135
1.13 259.219573975 46.1710842833
1.15 513.895568848 65.7703366467
1.17 163.407485962 36.3553178308
1.19 355.169219971 51.6899499462
1.21 329.556976318 48.8671580216
1.23 422.767364502 53.3267766657
1.25 264.035705566 41.716501834
1.27 300.960357666 41.9470241437
1.29 250.225128174 40.1570243894
1.31 161.710800171 32.450315105
1.33 160.409576416 33.3295756622
1.35 132.889816284 30.2271986012
1.37 204.143920898 39.805074134
1.39 305.13949585 49.020883742
1.41 124.969223022 31.5976899046
1.43 118.93547821 29.0961964825
1.45 171.785461426 36.7847233885
1.47 135.804824829 31.5911496366
1.49 201.748687744 38.0985244625
1.51 352.299591064 50.4195938516
1.53 540.600036621 57.6383984312
1.55 836.516174316 75.2855431143
1.57 1835.24926758 109.738844511
1.59 3003.03393555 133.208231207
1.61 4908.17871094 171.77116217
1.63 7922.10449219 219.002359108
1.65 11586.9902344 271.192998088
1.67 14660.4648438 307.537974126
1.69 19886.6171875 360.53468467
1.71 24597.96875 407.261545934
1.73 28637.6503906 448.554844866
1.75 35493.53125 500.186510258
1.77 38626.7070312 514.929285383
1.79 42805.15625 534.679765752
1.81 44238.5585938 534.86657945
1.83 45641.8125 528.786494243
1.85 44370.5 505.808284582
1.87 43097.1523438 478.907394982
1.89 38260.9882812 437.402205867
1.91 32504.5664062 400.710346433
1.93 28154.1308594 373.692260773
1.95 24191.4589844 352.063230124
1.97 22373.0214844 345.049725916
1.99 21228.640625 338.275156376
2.01 19844.3222656 331.650974883
2.03 18429.1953125 332.924897027
2.05 17369.6054688 322.116234313
2.07 15591.1845703 310.178963471
2.09 15129.8349609 309.209787997
2.11 14222.59375 302.763825987
2.13 13415.0546875 308.967972463
2.15 13050.0673828 298.869891791
2.17 12226.4912109 284.107762053
2.19 11387.3095703 273.808644769
2.21 9682.64355469 279.086162375
2.23 9217.00292969 263.654571423
2.25 7753.12109375 261.658156698
2.27 6974.39550781 257.867443246
2.29 6202.46972656 243.303817394
2.31 5369.63134766 230.29125872
2.33 6060.81933594 239.431791337
2.35 5707.1171875 251.818818006
2.37 4377.63525391 251.029230004
2.39 4638.69775391 212.041673991
2.41 5328.78027344 221.086718776
2.43 3990.54589844 216.938519607
2.45 5182.18994141 229.252780577
2.47 4424.14746094 209.701447461
2.49 5299.84082031 235.671704783
1-(2-+)0+ rho pi F                     36                
0.51 43.4231719971 19.3040810987
0.53 87.0330505371 27.1254283107
0.55 73.8861618042 25.7156906997
0.57 124.841384888 34.6501510386
0.59 179.820114136 44.0423884778
0.61 212.928222656 48.3142736191
0.63 149.48197937 37.9445142342
0.65 405.613464355 68.414393108
0.67 414.982788086 73.9339524464
0.69 341.457519531 66.7828932593
0.71 395.731231689 77.6174300675
0.73 304.185455322 58.3806536699
0.75 691.677429199 98.2429110467
0.77 557.108154297 92.1921538649
0.79 501.944976807 96.4848453896
0.81 729.895324707 118.369705738
0.83 953.752502441 125.149866642
0.85 1934.18505859 197.95200308
0.87 1177.96716309 169.048880748
0.89 758.176330566 130.205143627
0.91 1111.00012207 146.127073144
0.93 788.214355469 124.545600093
0.95 888.602416992 122.027065245
0.97 978.606994629 123.947110879
0.99 626.198364258 104.456276759
1.01 1727.96911621 175.713710289
1.03 1379.43469238 147.519270643
1.05 1268.69824219 147.968976043
1.07 1310.76818848 127.24035656
1.09 1520.9486084 134.056012019
1.11 847.186828613 101.075319514
1.13 1325.25500488 124.97788635
1.15 1121.86254883 118.356042716
1.17 1340.40136719 128.208434063
1.19 1090.66235352 119.187774098
1.21 2539.49975586 178.341533171
1.23 2090.47241211 159.108945841
1.25 2961.11816406 184.924809368
1.27 3477.34887695 205.146355893
1.29 3476.35107422 204.850922078
1.31 5495.11816406 281.331774624
1.33 6768.21435547 314.510651425
1.35 9272.18652344 365.828873824
1.37 10833.8828125 397.210256779
1.39 13705.2998047 445.612038461
1.41 15101.6171875 454.289838305
1.43 19088.7148438 499.325088363
1.45 20099.4570312 496.607807053
1.47 23615.3671875 520.572367977
1.49 27247.8945312 543.571233579
1.51 32454.2246094 567.138801338
1.53 36509.234375 580.725414161
1.55 39455.1757812 591.059807425
1.57 46001.0 629.948971865
1.59 52384.9648438 666.378378117
1.61 57440.9609375 693.416515779
1.63 64608.1914062 740.914330517
1.65 68570.734375 766.390496621
1.67 73308.296875 796.166919172
1.69 70585.1640625 781.093183011
1.71 64757.53125 766.549836511
1.73 59975.15625 744.776206425
1.75 56502.21875 726.417191115
1.77 51555.2070312 699.336374883
1.79 49441.3242188 690.906964146
1.81 48750.0234375 688.434321089
1.83 47704.8398438 682.214430226
1.85 49212.625 681.588820918
1.87 51631.4921875 700.062132078
1.89 52664.9882812 694.784813458
1.91 52142.3164062 686.725523289
1.93 48958.5078125 661.716353301
1.95 47037.3359375 649.185415811
1.97 42447.9179688 613.080407002
1.99 40700.7070312 597.890138875
2.01 38478.7695312 582.617104477
2.03 35105.3554688 553.223371814
2.05 30725.5722656 531.428814575
2.07 30154.2988281 512.048547112
2.09 26596.4804688 512.686404982
2.11 24928.6992188 464.583473877
2.13 24364.640625 443.213040278
2.15 22920.4277344 447.33413913
2.17 24972.65625 451.099877102
2.19 19073.3730469 397.680236568
2.21 21768.9355469 417.491428383
2.23 22245.0664062 446.177725787
2.25 19286.8945312 389.048578441
2.27 20669.359375 413.493511772
2.29 17052.5566406 375.447965834
2.31 17679.1640625 402.747044236
2.33 16373.9667969 370.590750552
2.35 18351.7773438 396.020745245
2.37 14411.90625 360.923715578
2.39 14938.0146484 374.444865142
2.41 14006.9101562 348.87557628
2.43 14161.0527344 347.202413925
2.45 13137.390625 349.925778961
2.47 11960.5341797 324.904499565
2.49 9826.85644531 299.138233292
[f](1-(2-+)0+ f2 pi D                   - 1-(2-+)0+ f2 pi S                  )
0.51 -132.631546021 44.7607763517
0.53 -125.1484375 37.4788319161
0.55 2.99379014969 24.1218259631
0.57 -92.1396713257 41.7179980035
0.59 -139.563537598 47.992237735
0.61 -138.754974365 46.6751704143
0.63 -180.896438599 123.264158353
0.65 -357.893035889 73.9513769469
0.67 -335.679138184 74.9602726814
0.69 -419.376495361 81.7657459272
0.71 -422.08972168 72.2068392655
0.73 -498.704040527 22.567339011
0.75 -598.332702637 44.864025251
0.77 -627.109985352 20.8283367218
0.79 -515.692993164 49.6290979495
0.81 -648.945922852 19.145936763
0.83 -791.231262207 34.6053662323
0.85 -672.475158691 24.2088475219
0.87 -672.73034668 18.286371645
0.89 -608.591125488 23.6073894764
0.91 -574.274658203 20.5571786784
0.93 -715.92010498 9.3168918571
0.95 -702.51373291 27.6054938999
0.97 -707.890991211 56.5116613726
0.99 -849.719848633 45.5799033335
1.01 -708.388183594 19.3238582851
1.03 -689.468811035 11.6672828148
1.05 -793.741394043 70.9712681191
1.07 -764.690734863 49.7768335101
1.09 -873.697265625 100.428602982
1.11 -883.21105957 33.5355728079
1.13 -1054.53527832 23.6445670664
1.15 -1226.05529785 13.0582654012
1.17 -1077.4934082 41.5986215216
1.19 -983.847839355 22.5415036048
1.21 -1102.55444336 21.7170750253
1.23 -955.45904541 27.3028566983
1.25 -953.109558105 28.7571025534
1.27 -1108.45629883 72.8095928872
1.29 -1190.02148438 19.8787193417
1.31 -1158.80981445 28.5745260685
1.33 -1324.95141602 11.7802487866
1.35 -1299.99401855 18.077722385
1.37 -1343.51550293 10.7318831971
1.39 -1339.0690918 25.0256557809
1.41 -1365.46008301 15.7246349687
1.43 -1344.19189453 40.0487404462
1.45 -1429.9041748 25.2294717566
1.47 -1420.08654785 13.4651174227
1.49 -1299.77685547 18.9881249511
1.51 -1391.07519531 11.7454520007
1.53 -1434.82885742 15.586504826
1.55 -1439.75378418 8.94228080449
1.57 -1404.43835449 5.33852679987
1.59 -1418.05249023 4.9279480297
1.61 -1406.72375488 4.61257358068
1.63 -1406.77075195 3.424759855
1.65 -1396.8112793 2.60386661072
1.67 -1398.78637695 2.22318029679
1.69 -1391.91894531 1.87538251154
1.71 -1383.47070312 1.68604159029
1.73 -1381.87341309 1.57500125946
1.75 -1371.69677734 1.3797216409
1.77 -1364.03417969 1.28665398514
1.79 -1354.56762695 1.27428843146
1.81 -1343.96923828 1.25153256879
1.83 -1333.30432129 1.33272849709
1.85 -1319.25939941 1.45386888066
1.87 -1307.88696289 1.53730619496
1.89 -1294.22094727 1.76604476935
1.91 -1282.17346191 2.01543549822
1.93 -1279.14331055 2.04338626716
1.95 -1266.69299316 2.01372172075
1.97 -1257.1763916 2.20617248572
1.99 -1259.38146973 2.31206580545
2.01 -1251.14868164 2.68519111635
2.03 -1251.28051758 2.2972435688
2.05 -1233.18566895 2.54606933957
2.07 -1227.93591309 3.34207553471
2.09 -1228.21203613 2.75560328364
2.11 -1228.04003906 2.64567615513
2.13 -1218.10375977 2.50668785095
2.15 -1217.36437988 2.56630442982
2.17 -1211.4864502 3.0766027724
2.19 -1211.65075684 2.80945948388
2.21 -1221.64038086 2.88123243082
2.23 -1214.93786621 2.85959211682
2.25 -1210.30285645 3.4327749897
2.27 -1218.97924805 4.31426678277
2.29 -1216.69018555 3.18454201272
2.31 -1216.1072998 3.47403307848
2.33 -1212.66003418 4.52924149822
2.35 -1220.64941406 3.75352858788
2.37 -1198.60290527 4.30563360711
2.39 -1210.50683594 4.32090095803
2.41 -1209.23937988 5.32768252149
2.43 -1209.09790039 4.4629908444
2.45 -1208.4597168 6.03728092657
2.47 -1218.0045166 6.02702001369
2.49 -1217.07043457 4.93624011999
[f](1-(2-+)0+ rho pi F                  - 1-(2-+)0+ f2 pi S                  )
0.51 -67.6591262817 63.1638861508
0.53 -77.51512146 1134.56186477
0.55 -171.816497803 28.1270431116
0.57 -261.124450684 23.5192960693
0.59 -236.121887207 28.2864226105
0.61 -132.298187256 40.9803240945
0.63 -147.040924072 113.208329979
0.65 -225.495178223 21.5049879809
0.67 -360.844146729 86.0078036294
0.69 -239.466629028 21.5394174175
0.71 -108.746520996 70.5169839084
0.73 -281.693878174 161.612927333
0.75 -275.158355713 44.0821612274
0.77 -237.534973145 30.1152003641
0.79 -323.988830566 53.095265116
0.81 -503.636932373 18.0095748866
0.83 -400.633972168 22.3483946768
0.85 -495.795593262 12.7453491106
0.87 -568.495788574 22.9182733516
0.89 -484.877380371 17.3182738003
0.91 -425.550598145 16.8045921589
0.93 -339.198974609 13.1943590306
0.95 -331.326080322 25.3477281865
0.97 -336.938720703 20.9917331954
0.99 -369.535583496 20.8044850722
1.01 -543.584960938 14.1074687899
1.03 -611.45703125 15.3379113923
1.05 -768.104431152 29.923481313
1.07 -624.242980957 48.4923202884
1.09 -607.149353027 18.5510119715
1.11 -771.49786377 32.965221227
1.13 -736.22644043 23.4509011167
1.15 -676.485900879 14.9046499485
1.17 -801.219726562 29.644045088
1.19 -757.504272461 17.0449351912
1.21 -766.932800293 9.87460596771
1.23 -764.659667969 18.177629342
1.25 -793.309814453 19.8129428369
1.27 -743.388000488 11.2244912761
1.29 -735.12890625 13.6267659854
1.31 -719.281677246 7.26776839604
1.33 -712.794433594 7.74791517211
1.35 -712.752990723 4.93030825907
1.37 -717.90423584 4.28077750836
1.39 -700.78338623 3.86813139522
1.41 -695.257568359 3.52718585264
1.43 -708.043579102 2.77988314527
1.45 -694.983825684 2.66824844257
1.47 -693.048400879 2.40835142646
1.49 -694.661376953 2.00759530284
1.51 -692.307739258 1.78936744989
1.53 -698.899963379 1.57228624792
1.55 -693.662719727 1.5369515441
1.57 -688.933776855 1.35735464684
1.59 -687.603027344 1.27883758454
1.61 -686.192077637 1.21079863706
1.63 -680.246398926 1.20091952022
1.65 -682.546630859 1.14571571902
1.67 -680.187561035 1.10051872637
1.69 -680.699645996 1.13578784487
1.71 -679.950805664 1.21842790896
1.73 -680.013549805 1.30387163065
1.75 -678.320251465 1.42433917132
1.77 -678.818725586 1.47032203144
1.79 -677.78112793 1.47572827868
1.81 -679.325927734 1.47660851785
1.83 -675.112548828 1.58614381848
1.85 -675.27947998 1.64947296453
1.87 -664.816162109 1.76414981758
1.89 -655.54107666 1.88818372002
1.91 -651.311218262 1.94145856514
1.93 -641.368225098 2.08570363309
1.95 -632.821105957 2.00831651113
1.97 -626.461303711 2.05133793133
1.99 -622.7265625 2.08465319468
2.01 -614.485107422 2.19724967442
2.03 -622.141784668 2.35348989386
2.05 -612.368286133 2.33686070395
2.07 -612.603149414 2.64030906096
2.09 -611.157714844 2.48052526695
2.11 -618.409179688 2.56021975036
2.13 -626.049133301 2.70033146272
2.15 -620.767211914 2.67715450049
2.17 -634.97052002 2.83411359328
2.19 -625.430175781 2.78041432717
2.21 -629.086303711 2.91920063208
2.23 -625.722045898 2.63436201099
2.25 -627.146118164 2.99249999006
2.27 -641.614196777 2.95139548706
2.29 -625.225646973 3.13996341247
2.31 -634.589416504 3.62121397475
2.33 -628.336791992 3.50854973809
2.35 -620.988037109 4.04827314696
2.37 -624.910522461 4.83651389784
2.39 -625.789916992 4.0259904484
2.41 -621.036743164 4.55141785716
2.43 -631.564025879 4.34567064595
2.45 -632.49206543 5.67516893312
2.47 -634.300598145 4.85203876707
2.49 -617.322814941 5.32313639666
[f](1-(2-+)0+ rho pi F                  - 1-(2-+)0+ f2 pi D                  )
0.51 64.9724273682 47.0786746981
0.53 47.6333084106 1133.46079553
0.55 185.189727783 30.5495263395
0.57 191.015136719 37.2028165674
0.59 263.441589355 40.291809734
0.61 366.456787109 42.3228990406
0.63 393.85559082 45.8509894378
0.65 492.397857666 71.5401234121
0.67 334.834991455 25.5826095164
0.69 179.909851074 82.9740758648
0.71 313.343170166 24.5217151554
0.73 217.010116577 161.510007188
0.75 323.174346924 31.9228969565
0.77 389.575012207 23.0732158794
0.79 551.704040527 19.3542574198
0.81 505.309020996 17.5671867009
0.83 390.597290039 30.862680796
0.85 536.6796875 30.165086343
0.87 464.234527588 28.7759213563
0.89 483.713867188 22.7764872529
0.91 508.724182129 21.9562685416
0.93 376.721130371 12.0399186253
0.95 371.187652588 11.3761072982
0.97 370.95223999 46.7922290056
0.99 480.184295654 41.8670920122
1.01 524.803222656 18.7283590933
1.03 438.011749268 14.4609892034
1.05 385.636962891 69.0468449451
1.07 500.447753906 22.5293922875
1.09 626.547851562 100.047142208
1.11 471.713195801 21.8407460604
1.13 318.308868408 22.0651189962
1.15 189.569320679 12.5904503373
1.17 276.273742676 34.7882949261
1.19 226.343566895 25.0610862581
1.21 335.621643066 22.29312515
1.23 190.799377441 23.882568438
1.25 159.799789429 20.9142135256
1.27 5.06822252274 73.1284087079
1.29 94.8926544189 13.6178732616
1.31 79.5281219482 27.2543852191
1.33 252.156921387 11.711000693
1.35 227.24105835 18.3680780569
1.37 265.61126709 11.5491675139
1.39 278.285736084 26.0888807676
1.41 310.202514648 16.7384129772
1.43 276.148254395 40.6329950066
1.45 374.920379639 25.4277877075
1.47 367.038085938 13.7107933798
1.49 245.115509033 19.1706564469
1.51 338.767425537 11.9813927393
1.53 375.928924561 15.6442679051
1.55 386.091125488 8.93842230886
1.57 355.504516602 5.41465995982
1.59 370.449462891 4.94075059725
1.61 360.531707764 4.67900516076
1.63 366.524353027 3.46274300835
1.65 354.26461792 2.74712733302
1.67 358.598876953 2.36084221699
1.69 351.219329834 2.10044507805
1.71 343.519866943 2.00894240117
1.73 341.859802246 1.90656934471
1.75 333.376617432 1.88084923414
1.77 325.215362549 1.82182406425
1.79 316.786529541 1.84600698402
1.81 304.643341064 1.7474184068
1.83 298.191772461 1.87288342858
1.85 283.979919434 1.8988469942
1.87 283.070770264 1.91753921827
1.89 278.679931641 2.07483222927
1.91 270.862243652 2.21465826856
1.93 277.775024414 2.39534020255
1.95 273.871948242 2.3903825425
1.97 270.715087891 2.67669483933
1.99 276.654846191 2.66919542656
2.01 276.663574219 3.13610894723
2.03 269.138580322 2.78133632226
2.05 260.817321777 3.03370425573
2.07 255.332733154 4.09439221652
2.09 257.054229736 3.36900574345
2.11 249.630828857 3.2569679977
2.13 232.054550171 3.21918729015
2.15 236.597137451 3.2790298944
2.17 216.515823364 3.64236356293
2.19 226.220458984 3.33611416851
2.21 232.554077148 3.47646141334
2.23 229.21572876 3.20121998777
2.25 223.156646729 3.86903956598
2.27 217.365066528 5.0577174072
2.29 231.464447021 3.94846295257
2.31 221.517807007 4.3311615906
2.33 224.323181152 5.03734262377
2.35 239.661331177 4.25009446881
2.37 213.692352295 5.44384570733
2.39 224.716827393 4.95480732071
2.41 228.202636719 5.5197477413
2.43 217.533874512 4.93080902642
2.45 215.967681885 4.82597643998
2.47 223.703826904 6.39549431746
2.49 239.747589111 4.94380943755
