#Mass at bin center, data point, error
#1-(1++)0+ rho pi S                                     
0.51 1954.41317177 700.553155452
0.53 964.038633406 481.393319016
0.55 2450.23131354 504.569599945
0.57 2397.72877529 440.533676431
0.59 2189.88884487 540.050199143
0.61 1433.70090051 329.704373849
0.63 1763.25778974 382.553110334
0.65 4335.11551225 513.667069016
0.67 2097.39954937 377.172235242
0.69 4540.7352823 685.925902328
0.71 6093.81139967 724.219598369
0.73 4630.54114806 522.261414981
0.75 11956.0192707 904.33141918
0.77 28722.9185198 1826.12969186
0.79 37971.0465989 1908.79008293
0.81 55380.6231015 2193.19275627
0.83 71995.5830092 3445.14054805
0.85 92090.6725477 3104.33838579
0.87 127267.576677 2661.83608959
0.89 202431.659842 2770.77387867
0.91 267239.658447 2899.83190085
0.93 348698.741984 3406.54583997
0.95 488743.400751 3471.94857591
0.97 576858.612206 3429.56119431
0.99 719528.240948 3309.65666185
1.01 808098.489577 3854.68722453
1.03 915018.218245 4052.98436605
1.05 1068758.69264 4050.83231535
1.07 1142573.07899 4220.64654675
1.09 1232161.51019 3968.55165943
1.11 1310595.7119 3888.41366175
1.13 1375493.16745 3935.13012968
1.15 1379066.3503 3962.22460037
1.17 1431361.66915 3575.14065788
1.19 1423980.93484 3880.67318705
1.21 1397476.02711 3702.12581355
1.23 1408485.6919 3793.57121168
1.25 1371280.6147 3418.64864624
1.27 1273138.16815 3427.67206743
1.29 1192302.16267 3226.29982841
1.31 1082947.67284 3011.46470627
1.33 982378.432917 2988.65421373
1.35 868852.590767 2744.98787354
1.37 737831.445801 2709.62723691
1.39 610466.486176 2364.70156316
1.41 491517.557931 2210.01829022
1.43 409029.178867 2054.1070055
1.45 345176.895507 1843.49862693
1.47 295481.957823 1828.57088181
1.49 255547.056839 1683.27005257
1.51 222220.649937 1559.89475631
1.53 200197.918196 1436.85982154
1.55 178081.165375 1320.32829056
1.57 161836.86488 1200.98382964
1.59 142906.478418 1109.29877922
1.61 132874.953662 1057.7880856
1.63 113320.564907 1011.48509976
1.65 102907.721307 984.849507033
1.67 91645.384098 940.798644568
1.69 84797.4776022 839.252549013
1.71 71153.9361931 849.32816884
1.73 66755.4620156 801.755207431
1.75 57640.4771218 757.111197529
1.77 55878.7593903 728.537308102
1.79 52454.6927057 727.148804546
1.81 49423.457377 702.815392932
1.83 49739.9623204 691.594609953
1.85 44509.8516699 662.350817053
1.87 43565.2244509 636.609232032
1.89 42154.6321826 646.867121607
1.91 36605.42724 579.993700213
1.93 33221.9519923 550.697451277
1.95 27925.1985924 485.870155668
1.97 25328.6984971 452.300892979
1.99 21071.9512051 453.206778907
2.01 18553.8016901 410.792498331
2.03 15063.2282355 365.05217818
2.05 11718.9132369 349.363198838
2.07 10554.2419585 324.347039167
2.09 8918.77680436 303.765924091
2.11 7885.45814704 283.868817533
2.13 7208.10622069 254.06805952
2.15 4716.18115056 216.144950533
2.17 5274.22290616 240.083112024
2.19 5696.28492524 222.973680247
2.21 4441.62283366 222.281266141
2.23 4804.35616703 204.322250159
2.25 3374.14350438 191.015096327
2.27 3450.71762734 180.533853709
2.29 4456.64872764 210.06452647
2.31 4032.65790417 190.122406375
2.33 4229.05786296 213.533798886
2.35 4379.1644478 224.435663486
2.37 4904.22360216 212.480688922
2.39 4620.6264694 206.771926729
2.41 4541.93185611 221.66258699
2.43 4524.84547246 206.16521061
2.45 5894.29508016 234.947293546
2.47 4328.08469337 196.216100331
2.49 4117.40509134 189.643403596
#1-(1++)0+ f0(980) pi P                                 
0.51 0.0 0.0
0.53 0.0 0.0
0.55 0.0 0.0
0.57 0.0 0.0
0.59 0.0 0.0
0.61 0.0 0.0
0.63 0.0 0.0
0.65 0.0 0.0
0.67 0.0 0.0
0.69 0.0 0.0
0.71 0.0 0.0
0.73 0.0 0.0
0.75 0.0 0.0
0.77 0.0 0.0
0.79 0.0 0.0
0.81 0.0 0.0
0.83 0.0 0.0
0.85 0.0 0.0
0.87 0.0 0.0
0.89 0.0 0.0
0.91 0.0 0.0
0.93 0.0 0.0
0.95 0.0 0.0
0.97 0.0 0.0
0.99 0.0 0.0
1.01 0.0 0.0
1.03 0.0 0.0
1.05 0.0 0.0
1.07 0.0 0.0
1.09 0.0 0.0
1.11 0.0 0.0
1.13 0.0 0.0
1.15 0.0 0.0
1.17 0.0 0.0
1.19 1045.60740283 134.745695305
1.21 1701.62905028 181.861810486
1.23 360.384355317 87.3186740935
1.25 586.524004561 100.825370835
1.27 875.282170222 110.299457562
1.29 637.576047702 97.5990292782
1.31 1431.51055117 136.920957351
1.33 1717.40879621 150.351386091
1.35 2522.1439868 174.014205898
1.37 3931.23861444 223.388417728
1.39 8973.63712063 317.949745133
1.41 15098.5083261 391.218286605
1.43 15210.3353529 382.490659278
1.45 16503.1041994 424.595639306
1.47 18048.7137814 426.430467095
1.49 15347.9623285 391.153490939
1.51 11738.961359 361.889339727
1.53 11258.942356 337.35639833
1.55 7855.70637607 295.816557111
1.57 7393.03515011 278.141303286
1.59 5657.5391775 257.839071139
1.61 5093.89060622 214.166250224
1.63 5030.04134366 236.639828181
1.65 4349.37045756 208.999917981
1.67 3760.66402332 191.402441439
1.69 4139.66666278 206.395515133
1.71 3382.07829853 177.800821251
1.73 3542.93878926 190.789229056
1.75 3395.14003448 186.946297506
1.77 2687.97104832 158.176848117
1.79 2445.93691221 148.266535742
1.81 2100.98872103 147.468782743
1.83 1622.84729111 128.768065299
1.85 1598.63065231 128.536134656
1.87 1551.35594728 109.869627747
1.89 1552.61431148 115.448872312
1.91 1429.28446436 117.879812021
1.93 1273.19370243 109.23443993
1.95 1403.39229045 130.717621919
1.97 1968.56254489 137.271165328
1.99 1130.82033089 113.984848859
2.01 1105.24609202 118.626319226
2.03 1031.68338986 114.54762099
2.05 930.185252344 102.254804357
2.07 1172.54079353 102.764056489
2.09 742.481096176 94.0605857468
2.11 1204.5439597 118.361525549
2.13 930.578375046 112.20025602
2.15 1438.00555507 123.678276587
2.17 1115.34317433 112.014609603
2.19 937.805964667 101.273687222
2.21 1158.79305793 110.507472197
2.23 1004.95158192 113.716057363
2.25 1480.93049956 144.023288165
2.27 1649.18806218 135.835277295
2.29 1443.71570825 119.896414298
2.31 1196.63048408 123.992665248
2.33 1011.29552055 120.386638861
2.35 1491.58220321 132.257104886
2.37 1426.67256646 141.816736798
2.39 1442.73471479 146.675709839
2.41 1435.30566439 131.587773626
2.43 2059.85681544 154.933860748
2.45 2276.65953362 154.762369846
2.47 1717.75234197 160.038937918
2.49 2223.603652 167.717376558
#[f](1-(1++)0+ f0(980) pi P              - 1-(1++)0+ rho pi S                 )
0.51 0.0 0.0
0.53 0.0 0.0
0.55 0.0 0.0
0.57 0.0 0.0
0.59 0.0 0.0
0.61 0.0 0.0
0.63 0.0 0.0
0.65 0.0 0.0
0.67 0.0 0.0
0.69 0.0 0.0
0.71 0.0 0.0
0.73 0.0 0.0
0.75 0.0 0.0
0.77 0.0 0.0
0.79 0.0 0.0
0.81 0.0 0.0
0.83 0.0 0.0
0.85 0.0 0.0
0.87 0.0 0.0
0.89 0.0 0.0
0.91 0.0 0.0
0.93 0.0 0.0
0.95 0.0 0.0
0.97 0.0 0.0
0.99 0.0 0.0
1.01 0.0 0.0
1.03 0.0 0.0
1.05 0.0 0.0
1.07 0.0 0.0
1.09 0.0 0.0
1.11 0.0 0.0
1.13 0.0 0.0
1.15 0.0 0.0
1.17 0.0 0.0
1.19 133.645837269 9.17089948127
1.21 120.098482243 10.468505273
1.23 172.472836709 36.9194910008
1.25 135.358957911 18.049551662
1.27 248.628899576 18.733411021
1.29 257.734780999 13.1679100734
1.31 246.76708633 17.4676451167
1.33 294.398771895 8.92274214696
1.35 320.79742908 9.36261520806
1.37 322.582255501 5.44756323022
1.39 342.487344807 3.03743473214
1.41 359.793833162 2.5673054449
1.43 381.285386395 2.33670518823
1.45 391.842782863 2.39226235052
1.47 400.474456509 2.221928443
1.49 412.749249127 2.51131228785
1.51 424.698324621 2.67542012934
1.53 425.484933408 2.79317754624
1.55 418.276142023 3.53702680581
1.57 444.604692922 3.33674009677
1.59 448.438130018 3.14206148337
1.61 445.136730389 3.76690976393
1.63 455.592510489 3.5869945055
1.65 473.038516649 3.24270965713
1.67 488.321936087 4.50634581239
1.69 492.326837428 3.82519960672
1.71 462.875979367 5.34590637268
1.73 480.357376833 5.66156100551
1.75 495.377626084 4.41240277025
1.77 493.369311908 5.79123037387
1.79 504.13130833 7.4000210836
1.81 502.223258095 11.1431323704
1.83 490.653509746 8.10226875237
1.85 537.421772148 11.7521406319
1.87 507.721596363 11.2755086151
1.89 518.020123911 12.9010772474
1.91 331.482418319 40.1105403278
1.93 518.623037578 16.3860789092
1.95 424.915565964 23.2106273005
1.97 386.256850943 24.5689362889
1.99 433.52073559 32.9054560944
2.01 267.997526155 32.132357519
2.03 371.741453612 23.7789729072
2.05 378.035989556 16.05212153
2.07 482.539747727 34.6518672746
2.09 204.66227697 106.442265879
2.11 387.647140518 27.9532146272
2.13 405.965641636 20.7764921236
2.15 396.465884587 23.8376872155
2.17 409.816632985 45.3192066169
2.19 390.787831582 16.9661694164
2.21 446.839056875 19.5561303542
2.23 440.36331397 40.5114444992
2.25 382.898626706 17.402482392
2.27 383.248348273 11.6273890099
2.29 362.065704032 12.788991495
2.31 373.100084202 10.5437366641
2.33 337.196293343 10.8133948592
2.35 337.408494867 14.3333862258
2.37 387.324636996 11.3119616458
2.39 355.584488716 10.853395209
2.41 382.362966386 8.4285113151
2.43 382.017008911 8.79423441975
2.45 346.361208975 8.90674883268
2.47 325.794343823 10.0451136797
2.49 369.906974171 8.10666829128

