0.51 0.0 0.0
0.53 0.0 0.0
0.55 0.0 0.0
0.57 0.0 0.0
0.59 0.0 0.0
0.61 0.0 0.0
0.63 0.0 0.0
0.65 0.0 0.0
0.67 0.0 0.0
0.69 0.0 0.0
0.71 0.0 0.0
0.73 0.0 0.0
0.75 0.0 0.0
0.77 0.0 0.0
0.79 0.0 0.0
0.81 0.0 0.0
0.83 0.0 0.0
0.85 0.0 0.0
0.87 0.0 0.0
0.89 0.0 0.0
0.91 0.0 0.0
0.93 0.0 0.0
0.95 0.0 0.0
0.97 0.0 0.0
0.99 0.0 0.0
1.01 0.0 0.0
1.03 0.0 0.0
1.05 0.0 0.0
1.07 0.0 0.0
1.09 0.0 0.0
1.11 0.0 0.0
1.13 0.0 0.0
1.15 0.0 0.0
1.17 0.0 0.0
1.19 1045.60740283 134.745695305
1.21 1701.62905028 181.861810486
1.23 360.384355317 87.3186740935
1.25 586.524004561 100.825370835
1.27 875.282170222 110.299457562
1.29 637.576047702 97.5990292782
1.31 1431.51055117 136.920957351
1.33 1717.40879621 150.351386091
1.35 2522.1439868 174.014205898
1.37 3931.23861444 223.388417728
1.39 8973.63712063 317.949745133
1.41 15098.5083261 391.218286605
1.43 15210.3353529 382.490659278
1.45 16503.1041994 424.595639306
1.47 18048.7137814 426.430467095
1.49 15347.9623285 391.153490939
1.51 11738.961359 361.889339727
1.53 11258.942356 337.35639833
1.55 7855.70637607 295.816557111
1.57 7393.03515011 278.141303286
1.59 5657.5391775 257.839071139
1.61 5093.89060622 214.166250224
1.63 5030.04134366 236.639828181
1.65 4349.37045756 208.999917981
1.67 3760.66402332 191.402441439
1.69 4139.66666278 206.395515133
1.71 3382.07829853 177.800821251
1.73 3542.93878926 190.789229056
1.75 3395.14003448 186.946297506
1.77 2687.97104832 158.176848117
1.79 2445.93691221 148.266535742
1.81 2100.98872103 147.468782743
1.83 1622.84729111 128.768065299
1.85 1598.63065231 128.536134656
1.87 1551.35594728 109.869627747
1.89 1552.61431148 115.448872312
1.91 1429.28446436 117.879812021
1.93 1273.19370243 109.23443993
1.95 1403.39229045 130.717621919
1.97 1968.56254489 137.271165328
1.99 1130.82033089 113.984848859
2.01 1105.24609202 118.626319226
2.03 1031.68338986 114.54762099
2.05 930.185252344 102.254804357
2.07 1172.54079353 102.764056489
2.09 742.481096176 94.0605857468
2.11 1204.5439597 118.361525549
2.13 930.578375046 112.20025602
2.15 1438.00555507 123.678276587
2.17 1115.34317433 112.014609603
2.19 937.805964667 101.273687222
2.21 1158.79305793 110.507472197
2.23 1004.95158192 113.716057363
2.25 1480.93049956 144.023288165
2.27 1649.18806218 135.835277295
2.29 1443.71570825 119.896414298
2.31 1196.63048408 123.992665248
2.33 1011.29552055 120.386638861
2.35 1491.58220321 132.257104886
2.37 1426.67256646 141.816736798
2.39 1442.73471479 146.675709839
2.41 1435.30566439 131.587773626
2.43 2059.85681544 154.933860748
2.45 2276.65953362 154.762369846
2.47 1717.75234197 160.038937918
2.49 2223.603652 167.717376558
