0.51 9916.41113281 3067.05092475
0.53 12716.7324219 3015.29142909
0.55 5386.87939453 1757.617621
0.57 6850.48828125 1688.69923649
0.59 5645.05273438 1318.50828983
0.61 4240.44091797 1071.4512194
0.63 2936.87475586 784.820617473
0.65 5814.8515625 1196.26413426
0.67 7532.81494141 1109.04559876
0.69 4337.50830078 1147.8323312
0.71 2204.39794922 596.660478389
0.73 2141.94262695 538.939374979
0.75 2057.08837891 576.435651855
0.77 4264.43505859 710.64524726
0.79 1346.67126465 346.39410949
0.81 3094.78027344 624.249739091
0.83 2883.13330078 613.933645583
0.85 4288.94287109 775.255566796
0.87 5733.30126953 707.52817344
0.89 2025.91552734 416.079181581
0.91 4674.93310547 550.490420363
0.93 2992.10839844 475.433012118
0.95 1245.32287598 251.165196044
0.97 2473.65551758 334.839764002
0.99 1831.52819824 247.704923038
1.01 7590.92382812 636.785839257
1.03 6437.66748047 605.018680152
1.05 4375.12597656 491.352253591
1.07 3909.296875 441.879669864
1.09 3822.17993164 427.385022287
1.11 2668.76611328 340.054995768
1.13 2366.3762207 276.570532305
1.15 3326.84228516 332.760547038
1.17 3759.85058594 336.324726137
1.19 3127.30664062 290.674174267
1.21 3264.12890625 286.579354899
1.23 1582.05236816 187.188897139
1.25 1678.74719238 177.413192799
1.27 1816.52770996 183.206236814
1.29 3062.25219727 225.26655218
1.31 4773.36425781 277.099937066
1.33 5778.54541016 298.301700891
1.35 9523.57421875 406.134033929
1.37 14054.6708984 471.593524027
1.39 21637.7050781 574.777218752
1.41 31126.3828125 643.356480242
1.43 43648.3984375 709.361985357
1.45 59205.6210938 801.325217605
1.47 80710.96875 894.775372666
1.49 100285.625 978.138173958
1.51 130689.4375 1084.35458442
1.53 158332.703125 1160.44709906
1.55 201445.296875 1335.69335525
1.57 244525.734375 1386.96721119
1.59 279214.6875 1396.43300404
1.61 311308.78125 1431.45335653
1.63 338407.0625 1456.52960567
1.65 355429.9375 1467.86954461
1.67 359915.5 1467.25917423
1.69 351365.65625 1448.134845
1.71 322423.25 1398.13850435
1.73 292017.0 1347.72233063
1.75 253432.453125 1271.11247797
1.77 214070.125 1177.43976176
1.79 181705.875 1115.68742341
1.81 152461.765625 1018.67704302
1.83 125047.671875 931.399849521
1.85 103839.078125 847.126797207
1.87 87722.78125 770.565551108
1.89 73486.84375 689.174539857
1.91 66102.96875 642.895350458
1.93 61823.2851562 621.271338212
1.95 59684.4414062 600.201856507
1.97 59292.2890625 604.532837537
1.99 58198.6484375 609.616336025
2.01 60516.640625 635.643808488
2.03 58212.9804688 646.278379756
2.05 57957.0585938 651.495707383
2.07 56548.3203125 644.980769759
2.09 56610.046875 633.887262857
2.11 51688.1992188 603.216737073
2.13 48572.8515625 582.190927761
2.15 43980.3398438 549.188905661
2.17 38541.4140625 516.852405605
2.19 36859.421875 508.74440405
2.21 35153.1015625 505.20446095
2.23 31375.0546875 483.997100065
2.25 30154.1289062 483.036737976
2.27 26888.6914062 458.824304402
2.29 24354.6816406 434.834685946
2.31 23670.2402344 441.7955247
2.33 21128.7421875 422.056122289
2.35 18979.0722656 406.614028909
2.37 18513.4101562 409.48446324
2.39 16902.9511719 386.579801742
2.41 13975.3515625 356.738851992
2.43 13982.4599609 364.220807185
2.45 12325.0595703 352.080089821
2.47 13227.3447266 364.272619253
2.49 10027.6582031 338.126291551
