0.51 0.0 0.0
0.53 0.0 0.0
0.55 0.0 0.0
0.57 0.0 0.0
0.59 0.0 0.0
0.61 0.0 0.0
0.63 0.0 0.0
0.65 0.0 0.0
0.67 0.0 0.0
0.69 0.0 0.0
0.71 0.0 0.0
0.73 0.0 0.0
0.75 0.0 0.0
0.77 0.0 0.0
0.79 0.0 0.0
0.81 0.0 0.0
0.83 0.0 0.0
0.85 0.0 0.0
0.87 0.0 0.0
0.89 0.0 0.0
0.91 0.0 0.0
0.93 0.0 0.0
0.95 0.0 0.0
0.97 0.0 0.0
0.99 0.0 0.0
1.01 0.0 0.0
1.03 0.0 0.0
1.05 0.0 0.0
1.07 0.0 0.0
1.09 0.0 0.0
1.11 0.0 0.0
1.13 0.0 0.0
1.15 0.0 0.0
1.17 0.0 0.0
1.19 133.645837269 9.17089948127
1.21 120.098482243 10.468505273
1.23 172.472836709 36.9194910008
1.25 135.358957911 18.049551662
1.27 248.628899576 18.733411021
1.29 257.734780999 13.1679100734
1.31 246.76708633 17.4676451167
1.33 294.398771895 8.92274214696
1.35 320.79742908 9.36261520806
1.37 322.582255501 5.44756323022
1.39 342.487344807 3.03743473214
1.41 359.793833162 2.5673054449
1.43 381.285386395 2.33670518823
1.45 391.842782863 2.39226235052
1.47 400.474456509 2.221928443
1.49 412.749249127 2.51131228785
1.51 424.698324621 2.67542012934
1.53 425.484933408 2.79317754624
1.55 418.276142023 3.53702680581
1.57 444.604692922 3.33674009677
1.59 448.438130018 3.14206148337
1.61 445.136730389 3.76690976393
1.63 455.592510489 3.5869945055
1.65 473.038516649 3.24270965713
1.67 488.321936087 4.50634581239
1.69 492.326837428 3.82519960672
1.71 462.875979367 5.34590637268
1.73 480.357376833 5.66156100551
1.75 495.377626084 4.41240277025
1.77 493.369311908 5.79123037387
1.79 504.13130833 7.4000210836
1.81 502.223258095 11.1431323704
1.83 490.653509746 8.10226875237
1.85 537.421772148 11.7521406319
1.87 507.721596363 11.2755086151
1.89 518.020123911 12.9010772474
1.91 331.482418319 40.1105403278
1.93 518.623037578 16.3860789092
1.95 424.915565964 23.2106273005
1.97 386.256850943 24.5689362889
1.99 433.52073559 32.9054560944
2.01 267.997526155 32.132357519
2.03 371.741453612 23.7789729072
2.05 378.035989556 16.05212153
2.07 482.539747727 34.6518672746
2.09 204.66227697 106.442265879
2.11 387.647140518 27.9532146272
2.13 405.965641636 20.7764921236
2.15 396.465884587 23.8376872155
2.17 409.816632985 45.3192066169
2.19 390.787831582 16.9661694164
2.21 446.839056875 19.5561303542
2.23 440.36331397 40.5114444992
2.25 382.898626706 17.402482392
2.27 383.248348273 11.6273890099
2.29 362.065704032 12.788991495
2.31 373.100084202 10.5437366641
2.33 337.196293343 10.8133948592
2.35 337.408494867 14.3333862258
2.37 387.324636996 11.3119616458
2.39 355.584488716 10.853395209
2.41 382.362966386 8.4285113151
2.43 382.017008911 8.79423441975
2.45 346.361208975 8.90674883268
2.47 325.794343823 10.0451136797
2.49 369.906974171 8.10666829128

