0.51 64.9724273682 47.0786746981
0.53 47.6333084106 1133.46079553
0.55 185.189727783 30.5495263395
0.57 191.015136719 37.2028165674
0.59 263.441589355 40.291809734
0.61 366.456787109 42.3228990406
0.63 393.85559082 45.8509894378
0.65 492.397857666 71.5401234121
0.67 334.834991455 25.5826095164
0.69 179.909851074 82.9740758648
0.71 313.343170166 24.5217151554
0.73 217.010116577 161.510007188
0.75 323.174346924 31.9228969565
0.77 389.575012207 23.0732158794
0.79 551.704040527 19.3542574198
0.81 505.309020996 17.5671867009
0.83 390.597290039 30.862680796
0.85 536.6796875 30.165086343
0.87 464.234527588 28.7759213563
0.89 483.713867188 22.7764872529
0.91 508.724182129 21.9562685416
0.93 376.721130371 12.0399186253
0.95 371.187652588 11.3761072982
0.97 370.95223999 46.7922290056
0.99 480.184295654 41.8670920122
1.01 524.803222656 18.7283590933
1.03 438.011749268 14.4609892034
1.05 385.636962891 69.0468449451
1.07 500.447753906 22.5293922875
1.09 626.547851562 100.047142208
1.11 471.713195801 21.8407460604
1.13 318.308868408 22.0651189962
1.15 189.569320679 12.5904503373
1.17 276.273742676 34.7882949261
1.19 226.343566895 25.0610862581
1.21 335.621643066 22.29312515
1.23 190.799377441 23.882568438
1.25 159.799789429 20.9142135256
1.27 5.06822252274 73.1284087079
1.29 94.8926544189 13.6178732616
1.31 79.5281219482 27.2543852191
1.33 252.156921387 11.711000693
1.35 227.24105835 18.3680780569
1.37 265.61126709 11.5491675139
1.39 278.285736084 26.0888807676
1.41 310.202514648 16.7384129772
1.43 276.148254395 40.6329950066
1.45 374.920379639 25.4277877075
1.47 367.038085938 13.7107933798
1.49 245.115509033 19.1706564469
1.51 338.767425537 11.9813927393
1.53 375.928924561 15.6442679051
1.55 386.091125488 8.93842230886
1.57 355.504516602 5.41465995982
1.59 370.449462891 4.94075059725
1.61 360.531707764 4.67900516076
1.63 366.524353027 3.46274300835
1.65 354.26461792 2.74712733302
1.67 358.598876953 2.36084221699
1.69 351.219329834 2.10044507805
1.71 343.519866943 2.00894240117
1.73 341.859802246 1.90656934471
1.75 333.376617432 1.88084923414
1.77 325.215362549 1.82182406425
1.79 316.786529541 1.84600698402
1.81 304.643341064 1.7474184068
1.83 298.191772461 1.87288342858
1.85 283.979919434 1.8988469942
1.87 283.070770264 1.91753921827
1.89 278.679931641 2.07483222927
1.91 270.862243652 2.21465826856
1.93 277.775024414 2.39534020255
1.95 273.871948242 2.3903825425
1.97 270.715087891 2.67669483933
1.99 276.654846191 2.66919542656
2.01 276.663574219 3.13610894723
2.03 269.138580322 2.78133632226
2.05 260.817321777 3.03370425573
2.07 255.332733154 4.09439221652
2.09 257.054229736 3.36900574345
2.11 249.630828857 3.2569679977
2.13 232.054550171 3.21918729015
2.15 236.597137451 3.2790298944
2.17 216.515823364 3.64236356293
2.19 226.220458984 3.33611416851
2.21 232.554077148 3.47646141334
2.23 229.21572876 3.20121998777
2.25 223.156646729 3.86903956598
2.27 217.365066528 5.0577174072
2.29 231.464447021 3.94846295257
2.31 221.517807007 4.3311615906
2.33 224.323181152 5.03734262377
2.35 239.661331177 4.25009446881
2.37 213.692352295 5.44384570733
2.39 224.716827393 4.95480732071
2.41 228.202636719 5.5197477413
2.43 217.533874512 4.93080902642
2.45 215.967681885 4.82597643998
2.47 223.703826904 6.39549431746
2.49 239.747589111 4.94380943755
