0.51 -67.6591262817 63.1638861508
0.53 -77.51512146 1134.56186477
0.55 -171.816497803 28.1270431116
0.57 -261.124450684 23.5192960693
0.59 -236.121887207 28.2864226105
0.61 -132.298187256 40.9803240945
0.63 -147.040924072 113.208329979
0.65 -225.495178223 21.5049879809
0.67 -360.844146729 86.0078036294
0.69 -239.466629028 21.5394174175
0.71 -108.746520996 70.5169839084
0.73 -281.693878174 161.612927333
0.75 -275.158355713 44.0821612274
0.77 -237.534973145 30.1152003641
0.79 -323.988830566 53.095265116
0.81 -503.636932373 18.0095748866
0.83 -400.633972168 22.3483946768
0.85 -495.795593262 12.7453491106
0.87 -568.495788574 22.9182733516
0.89 -484.877380371 17.3182738003
0.91 -425.550598145 16.8045921589
0.93 -339.198974609 13.1943590306
0.95 -331.326080322 25.3477281865
0.97 -336.938720703 20.9917331954
0.99 -369.535583496 20.8044850722
1.01 -543.584960938 14.1074687899
1.03 -611.45703125 15.3379113923
1.05 -768.104431152 29.923481313
1.07 -624.242980957 48.4923202884
1.09 -607.149353027 18.5510119715
1.11 -771.49786377 32.965221227
1.13 -736.22644043 23.4509011167
1.15 -676.485900879 14.9046499485
1.17 -801.219726562 29.644045088
1.19 -757.504272461 17.0449351912
1.21 -766.932800293 9.87460596771
1.23 -764.659667969 18.177629342
1.25 -793.309814453 19.8129428369
1.27 -743.388000488 11.2244912761
1.29 -735.12890625 13.6267659854
1.31 -719.281677246 7.26776839604
1.33 -712.794433594 7.74791517211
1.35 -712.752990723 4.93030825907
1.37 -717.90423584 4.28077750836
1.39 -700.78338623 3.86813139522
1.41 -695.257568359 3.52718585264
1.43 -708.043579102 2.77988314527
1.45 -694.983825684 2.66824844257
1.47 -693.048400879 2.40835142646
1.49 -694.661376953 2.00759530284
1.51 -692.307739258 1.78936744989
1.53 -698.899963379 1.57228624792
1.55 -693.662719727 1.5369515441
1.57 -688.933776855 1.35735464684
1.59 -687.603027344 1.27883758454
1.61 -686.192077637 1.21079863706
1.63 -680.246398926 1.20091952022
1.65 -682.546630859 1.14571571902
1.67 -680.187561035 1.10051872637
1.69 -680.699645996 1.13578784487
1.71 -679.950805664 1.21842790896
1.73 -680.013549805 1.30387163065
1.75 -678.320251465 1.42433917132
1.77 -678.818725586 1.47032203144
1.79 -677.78112793 1.47572827868
1.81 -679.325927734 1.47660851785
1.83 -675.112548828 1.58614381848
1.85 -675.27947998 1.64947296453
1.87 -664.816162109 1.76414981758
1.89 -655.54107666 1.88818372002
1.91 -651.311218262 1.94145856514
1.93 -641.368225098 2.08570363309
1.95 -632.821105957 2.00831651113
1.97 -626.461303711 2.05133793133
1.99 -622.7265625 2.08465319468
2.01 -614.485107422 2.19724967442
2.03 -622.141784668 2.35348989386
2.05 -612.368286133 2.33686070395
2.07 -612.603149414 2.64030906096
2.09 -611.157714844 2.48052526695
2.11 -618.409179688 2.56021975036
2.13 -626.049133301 2.70033146272
2.15 -620.767211914 2.67715450049
2.17 -634.97052002 2.83411359328
2.19 -625.430175781 2.78041432717
2.21 -629.086303711 2.91920063208
2.23 -625.722045898 2.63436201099
2.25 -627.146118164 2.99249999006
2.27 -641.614196777 2.95139548706
2.29 -625.225646973 3.13996341247
2.31 -634.589416504 3.62121397475
2.33 -628.336791992 3.50854973809
2.35 -620.988037109 4.04827314696
2.37 -624.910522461 4.83651389784
2.39 -625.789916992 4.0259904484
2.41 -621.036743164 4.55141785716
2.43 -631.564025879 4.34567064595
2.45 -632.49206543 5.67516893312
2.47 -634.300598145 4.85203876707
2.49 -617.322814941 5.32313639666
