0.51 -132.631546021 44.7607763517
0.53 -125.1484375 37.4788319161
0.55 2.99379014969 24.1218259631
0.57 -92.1396713257 41.7179980035
0.59 -139.563537598 47.992237735
0.61 -138.754974365 46.6751704143
0.63 -180.896438599 123.264158353
0.65 -357.893035889 73.9513769469
0.67 -335.679138184 74.9602726814
0.69 -419.376495361 81.7657459272
0.71 -422.08972168 72.2068392655
0.73 -498.704040527 22.567339011
0.75 -598.332702637 44.864025251
0.77 -627.109985352 20.8283367218
0.79 -515.692993164 49.6290979495
0.81 -648.945922852 19.145936763
0.83 -791.231262207 34.6053662323
0.85 -672.475158691 24.2088475219
0.87 -672.73034668 18.286371645
0.89 -608.591125488 23.6073894764
0.91 -574.274658203 20.5571786784
0.93 -715.92010498 9.3168918571
0.95 -702.51373291 27.6054938999
0.97 -707.890991211 56.5116613726
0.99 -849.719848633 45.5799033335
1.01 -708.388183594 19.3238582851
1.03 -689.468811035 11.6672828148
1.05 -793.741394043 70.9712681191
1.07 -764.690734863 49.7768335101
1.09 -873.697265625 100.428602982
1.11 -883.21105957 33.5355728079
1.13 -1054.53527832 23.6445670664
1.15 -1226.05529785 13.0582654012
1.17 -1077.4934082 41.5986215216
1.19 -983.847839355 22.5415036048
1.21 -1102.55444336 21.7170750253
1.23 -955.45904541 27.3028566983
1.25 -953.109558105 28.7571025534
1.27 -1108.45629883 72.8095928872
1.29 -1190.02148438 19.8787193417
1.31 -1158.80981445 28.5745260685
1.33 -1324.95141602 11.7802487866
1.35 -1299.99401855 18.077722385
1.37 -1343.51550293 10.7318831971
1.39 -1339.0690918 25.0256557809
1.41 -1365.46008301 15.7246349687
1.43 -1344.19189453 40.0487404462
1.45 -1429.9041748 25.2294717566
1.47 -1420.08654785 13.4651174227
1.49 -1299.77685547 18.9881249511
1.51 -1391.07519531 11.7454520007
1.53 -1434.82885742 15.586504826
1.55 -1439.75378418 8.94228080449
1.57 -1404.43835449 5.33852679987
1.59 -1418.05249023 4.9279480297
1.61 -1406.72375488 4.61257358068
1.63 -1406.77075195 3.424759855
1.65 -1396.8112793 2.60386661072
1.67 -1398.78637695 2.22318029679
1.69 -1391.91894531 1.87538251154
1.71 -1383.47070312 1.68604159029
1.73 -1381.87341309 1.57500125946
1.75 -1371.69677734 1.3797216409
1.77 -1364.03417969 1.28665398514
1.79 -1354.56762695 1.27428843146
1.81 -1343.96923828 1.25153256879
1.83 -1333.30432129 1.33272849709
1.85 -1319.25939941 1.45386888066
1.87 -1307.88696289 1.53730619496
1.89 -1294.22094727 1.76604476935
1.91 -1282.17346191 2.01543549822
1.93 -1279.14331055 2.04338626716
1.95 -1266.69299316 2.01372172075
1.97 -1257.1763916 2.20617248572
1.99 -1259.38146973 2.31206580545
2.01 -1251.14868164 2.68519111635
2.03 -1251.28051758 2.2972435688
2.05 -1233.18566895 2.54606933957
2.07 -1227.93591309 3.34207553471
2.09 -1228.21203613 2.75560328364
2.11 -1228.04003906 2.64567615513
2.13 -1218.10375977 2.50668785095
2.15 -1217.36437988 2.56630442982
2.17 -1211.4864502 3.0766027724
2.19 -1211.65075684 2.80945948388
2.21 -1221.64038086 2.88123243082
2.23 -1214.93786621 2.85959211682
2.25 -1210.30285645 3.4327749897
2.27 -1218.97924805 4.31426678277
2.29 -1216.69018555 3.18454201272
2.31 -1216.1072998 3.47403307848
2.33 -1212.66003418 4.52924149822
2.35 -1220.64941406 3.75352858788
2.37 -1198.60290527 4.30563360711
2.39 -1210.50683594 4.32090095803
2.41 -1209.23937988 5.32768252149
2.43 -1209.09790039 4.4629908444
2.45 -1208.4597168 6.03728092657
2.47 -1218.0045166 6.02702001369
2.49 -1217.07043457 4.93624011999
